


                                           Optimization Report
                                      EA31337-Lite-Backtest-v1.070
                                      Tripleafx-FX-Demo (Build 971)

     Symbol          EURUSD (Euro vs US Dollar)
     Period          30 Minutes (M30) 2014.01.06 00:00 - 2014.12.29 23:59 (2014.01.01 - 2014.12.30)
     Model           Open prices only (only for Expert Advisors that explicitly control bar opening)
     Initial deposit 2000.00
     Spread          10
                                          [Optimization Graph]
              Pass  Profit Total trades Profit factor Expected Payoff Drawdown $ Drawdown %
               109 9737.62          131         10.27           74.33    3064.36      34.27
               105 9737.62          131         10.27           74.33    3064.36      34.27
                83 9737.62          131         10.27           74.33    3064.36      34.27
                79 9737.62          131         10.27           74.33    3064.36      34.27
                57 9737.62          131         10.27           74.33    3064.36      34.27
                53 9737.62          131         10.27           74.33    3064.36      34.27
               135 9557.67          129          9.84           74.09    3033.83      33.54
               131 9557.67          129          9.84           74.09    3033.83      33.54
               129 8682.02          107         23.69           81.14    2442.66      39.81
                38 8457.91          122         11.96           69.33    2585.92      38.92
                32 8457.91          122         11.96           69.33    2585.92      38.92
                25 8457.91          122         11.96           69.33    2585.92      38.92
                19 8312.43          124         11.76           67.04    2555.38      37.39
                84 8096.10          135         13.87           59.97    2233.32      38.91
                35 7873.65          122         11.20           64.54    2463.78      38.92
                28 7873.65          122         11.20           64.54    2463.78      38.92
                58 7864.20          138         13.50           56.99    2199.05      37.38
                22 7728.16          124         11.01           62.32    2433.25      37.39
                15 7728.16          124         11.01           62.32    2433.25      37.39
                64 7554.03          126         13.01           59.95    2096.23      39.72
                90 7553.29          125         13.02           60.43    2096.23      39.81
               137 7226.72          124         18.39           58.28    2606.08      35.10
               111 7043.12           86        129.65           81.90    1782.25      35.10
                99 7043.12           86        129.65           81.90    1782.25      35.10
                98 7043.12           86        129.65           81.90    1782.25      35.10
               121 6887.43          106         12.67           64.98    1954.12      35.10
                95 6887.43          106         12.67           64.98    1954.12      35.10
                69 6887.43          106         12.67           64.98    1954.12      35.10
                 1 6863.96          122          8.57           56.26    2036.38      35.10
               143 6863.85          122          8.57           56.26    2036.38      35.10
               141 6863.85          122          8.57           56.26    2036.38      35.10
               140 6863.85          122          8.57           56.26    2036.38      35.10
               133 6863.85          122          8.57           56.26    2036.38      35.10
               130 6863.85          122          8.57           56.26    2036.38      35.10
               128 6863.85          122          8.57           56.26    2036.38      35.10
               127 6863.85          122          8.57           56.26    2036.38      35.10
               120 6863.85          122          8.57           56.26    2036.38      35.10
               117 6863.85          122          8.57           56.26    2036.38      35.10
               115 6863.85          122          8.57           56.26    2036.38      35.10
               114 6863.85          122          8.57           56.26    2036.38      35.10
               107 6863.85          122          8.57           56.26    2036.38      35.10
               104 6863.85          122          8.57           56.26    2036.38      35.10
               102 6863.85          122          8.57           56.26    2036.38      35.10
               101 6863.85          122          8.57           56.26    2036.38      35.10
                94 6863.85          122          8.57           56.26    2036.38      35.10
                91 6863.85          122          8.57           56.26    2036.38      35.10
                89 6863.85          122          8.57           56.26    2036.38      35.10
                88 6863.85          122          8.57           56.26    2036.38      35.10
                81 6863.85          122          8.57           56.26    2036.38      35.10
                78 6863.85          122          8.57           56.26    2036.38      35.10
                76 6863.85          122          8.57           56.26    2036.38      35.10
                75 6863.85          122          8.57           56.26    2036.38      35.10
                68 6863.85          122          8.57           56.26    2036.38      35.10
                65 6863.85          122          8.57           56.26    2036.38      35.10
                63 6863.85          122          8.57           56.26    2036.38      35.10
                62 6863.85          122          8.57           56.26    2036.38      35.10
                55 6863.85          122          8.57           56.26    2036.38      35.10
                52 6863.85          122          8.57           56.26    2036.38      35.10
                50 6863.85          122          8.57           56.26    2036.38      35.10
                49 6863.85          122          8.57           56.26    2036.38      35.10
                42 6863.85          122          8.57           56.26    2036.38      35.10
                39 6863.85          122          8.57           56.26    2036.38      35.10
                37 6863.85          122          8.57           56.26    2036.38      35.10
                36 6863.85          122          8.57           56.26    2036.38      35.10
                31 6863.85          122          8.57           56.26    2036.38      35.10
                29 6863.85          122          8.57           56.26    2036.38      35.10
                27 6863.85          122          8.57           56.26    2036.38      35.10
                26 6863.85          122          8.57           56.26    2036.38      35.10
                24 6863.85          122          8.57           56.26    2036.38      35.10
                23 6863.85          122          8.57           56.26    2036.38      35.10
                16 6863.85          122          8.57           56.26    2036.38      35.10
                13 6863.85          122          8.57           56.26    2036.38      35.10
                12 6863.85          122          8.57           56.26    2036.38      35.10
                11 6863.85          122          8.57           56.26    2036.38      35.10
                10 6863.85          122          8.57           56.26    2036.38      35.10
                 9 6863.85          122          8.57           56.26    2036.38      35.10
                 8 6863.85          122          8.57           56.26    2036.38      35.10
                 7 6863.85          122          8.57           56.26    2036.38      35.10
                 6 6863.85          122          8.57           56.26    2036.38      35.10
                 5 6863.85          122          8.57           56.26    2036.38      35.10
                 4 6863.85          122          8.57           56.26    2036.38      35.10
                 3 6863.85          122          8.57           56.26    2036.38      35.10
                 2 6863.85          122          8.57           56.26    2036.38      35.10
                30 6829.10          122          8.53           55.98    2005.84      35.10
                17 6829.10          122          8.53           55.98    2005.84      35.10
                34 6788.08          121          8.49           56.10    2117.78      35.10
                21 6788.08          121          8.49           56.10    2117.78      35.10
                18 6718.36          124          8.40           54.18    2005.84      33.56
                14 6718.36          124          8.40           54.18    2005.84      33.56
                33 6716.56          121          8.41           55.51    2005.84      35.10
                20 6716.56          121          8.41           55.51    2005.84      35.10
               126 6662.29          111         11.63           60.02    2259.46      39.13
               119 6662.29          111         11.63           60.02    2259.46      39.13
                43 6571.57          105          8.54           62.59    1679.78      35.10
               136 6517.96          141          7.19           46.23    1988.32      26.42
               123 6511.68           95         15.19           68.54    1611.09      39.13
               112 6416.92          103        118.21           62.30    1782.25      35.10
               113 6358.79          139         19.50           45.75    2056.44      26.72
               106 6358.79          139         19.50           45.75    2056.44      26.72
               124 6334.69          124          6.55           51.09    2423.16      35.10
                85 6334.69          124          6.55           51.09    2423.16      35.10
               125 6165.89          108          8.80           57.09    2106.79      35.10
                47 6007.44           84         14.50           71.52    1474.00      35.10
                46 5937.64           83         13.36           71.54    1474.00      35.10
               122 5927.24           91         17.86           65.13    1576.75      37.37
               118 5927.24           91         17.86           65.13    1576.75      37.37
                96 5927.24           91         17.86           65.13    1576.75      37.37
                92 5927.24           91         17.86           65.13    1576.75      37.37
                70 5927.24           91         17.86           65.13    1576.75      37.37
                66 5927.24           91         17.86           65.13    1576.75      37.37
               134 5897.71          125         10.99           47.18    1613.31      35.10
                48 5876.24           86         20.21           68.33    1542.47      34.17
                41 5876.24           86         20.21           68.33    1542.47      34.17
                44 5745.36           84         13.46           68.40    1508.27      35.09
                40 5745.36           84         13.46           68.40    1508.27      35.09
                73 5737.69           90         13.88           63.75    1439.72      35.10
                51 5668.84           84         13.82           67.49    1474.00      33.64
                45 5657.70           85         13.48           66.56    1474.00      34.17
                72 5562.94           88         11.10           63.22    1439.72      35.10
               108 5546.69          124          7.12           44.73    1613.31      35.10
                82 5546.69          124          7.12           44.73    1613.31      35.10
                56 5546.69          124          7.12           44.73    1613.31      35.10
                61 5540.42          140          8.05           39.57    1647.51      37.38
                54 5540.42          140          8.05           39.57    1647.51      37.38
               100 5414.64           95         18.30           57.00    1439.51      24.05
                93 5414.64           95         18.30           57.00    1439.51      24.05
                74 5260.44           94         13.60           55.96    1371.03      23.94
                67 5260.44           94         13.60           55.96    1371.03      23.94
               142 5209.14          111          9.20           46.93    1542.54      24.67
                71 5072.03           94          8.93           53.96    1312.93      23.94
               138 4974.36          114         21.75           43.63    1750.12      35.10
                77 4908.67           92          7.78           53.36    1282.39      22.53
                59 4830.47          123          8.66           39.27    1608.80      35.10
                97 4805.10           95          7.34           50.58    1282.39      23.54
                87 4744.19          127          7.66           37.36    1681.72      38.91
                80 4744.19          127          7.66           37.36    1681.72      38.91
               103 4641.73           93          6.51           49.91    1251.86      22.23
               110 4472.11          134          4.70           33.37    1439.93      23.26
               139 3994.12          181          8.16           22.07    1313.26      24.77
               132 3994.12          181          8.16           22.07    1313.26      24.77
                60 3920.74          125          7.22           31.37    1133.33      35.10
                86 3906.68          113          4.42           34.57    1544.83      35.10
               116 3735.13          104          4.67           35.91    1165.67      22.23
