


                                           Optimization Report
                                      EA31337-Lite-Backtest-v1.070
                                      Tripleafx-FX-Demo (Build 971)

     Symbol          EURUSD (Euro vs US Dollar)
     Period          30 Minutes (M30) 2014.01.06 00:00 - 2014.12.29 23:30 (2014.01.01 - 2014.12.30)
     Model           Every tick (the most precise method based on all available least timeframes)
     Initial deposit 2000.00
     Spread          10
                                          [Optimization Graph]
              Pass Profit Total trades Profit factor Expected Payoff Drawdown $ Drawdown %
                 6 517.77          333          2.88            1.55     194.12       7.90
                30 504.60          557          1.93            0.91     123.39       4.78
                14 502.29          719          1.76            0.70     126.47       4.90
                 3 478.98          770          1.94            0.62      99.66       3.94
                26 468.00          716          1.74            0.65      75.79       3.50
                25 458.53          474          1.87            0.97     107.76       4.22
                 7 447.98          897          1.62            0.50     108.29       4.33
                 8 443.48          472          1.79            0.94     223.61       9.33
                34 420.02          536          1.78            0.78     120.54       4.85
                 4 409.00          479          1.83            0.85     118.64       4.88
                10 403.07          688          1.63            0.59      93.23       4.24
                11 395.94          552          1.78            0.72     108.68       4.45
                24 381.37          471          1.73            0.81     104.21       4.25
                16 378.26          534          1.68            0.71     113.58       4.64
                12 378.18          522          1.73            0.72      97.84       4.71
                19 374.97          554          1.67            0.68     106.20       4.36
                32 371.64          378          1.84            0.98     105.60       4.32
                21 370.80          597          1.57            0.62     107.68       4.46
                23 363.21          394          1.83            0.92     101.59       4.18
                28 359.75          533          1.66            0.67     128.53       5.29
                36 356.38          487          1.68            0.73      96.88       4.01
                20 354.02          515          1.64            0.69      95.60       4.06
                18 344.57          626          1.56            0.55      80.26       3.39
                37 341.31          523          1.58            0.65     113.07       4.66
                22 332.50          459          1.70            0.72      97.85       4.13
                33 329.02          491          1.54            0.67      75.72       3.52
                15 316.23          565          1.57            0.56      67.88       2.88
                29 316.18          464          1.54            0.68      79.57       3.77
                35 314.75          468          1.59            0.67      77.55       3.29
                13 255.51          455          1.42            0.56      90.32       3.90
                31 187.00          457          1.32            0.41      75.08       3.36
                17 157.49          473          1.25            0.33      70.51       3.20
                 9 156.65          547          1.36            0.29      58.90       2.68
                27 153.51          462          1.27            0.33      65.07       3.16
                 5 126.45          633          1.24            0.20      68.79       3.18
                 2  47.21          372          1.17            0.13      60.24       2.97
                 1   7.35          281          1.03            0.03      68.39       3.36
