


                                           Optimization Report
                                      EA31337-Lite-Backtest-v1.070
                                      Tripleafx-FX-Demo (Build 971)

     Symbol          EURUSD (Euro vs US Dollar)
     Period          30 Minutes (M30) 2014.01.06 00:00 - 2014.12.29 23:59 (2014.01.01 - 2014.12.30)
     Model           Open prices only (only for Expert Advisors that explicitly control bar opening)
     Initial deposit 2000.00
     Spread          10
                                          [Optimization Graph]
              Pass  Profit Total trades Profit factor Expected Payoff Drawdown $ Drawdown %
                97 3785.28          171          9.36           22.14    1160.46      23.32
                99 3771.10          170          9.04           22.18    1159.68      23.36
                94 3766.42          171          9.03           22.03    1160.65      23.36
                98 3765.16          170          9.01           22.15    1159.20      23.39
               100 3661.74          169          8.83           21.67    1125.09      23.03
                95 3643.20          169          8.69           21.56    1134.14      23.05
                93 3632.51          168          9.01           21.62    1068.08      22.76
                96 3626.99          170          8.84           21.34    1066.40      22.80
                92 3625.14          169          8.88           21.45    1068.86      22.81
               102 3553.29          168          7.61           21.15    1078.68      20.80
               101 3507.98          167          7.65           21.01    1048.15      21.08
               103 3498.43          168          8.27           20.82    1039.39      21.90
               104 3403.82          167          5.65           20.38    1109.22      23.28
                49 3346.26          172          5.76           19.46    1019.61      20.80
                76 3308.64          174          6.27           19.02     956.61      20.80
                78 3286.27          175          4.98           18.78    1102.48      22.60
                50 3218.03          171          5.06           18.82    1017.67      20.80
                52 3127.15          167          4.54           18.73    1041.41      21.66
                75 3037.75          170          6.02           17.87     803.51      20.80
                48 2975.26          168          6.80           17.71     789.18      20.80
                51 2961.68          169          6.49           17.52     803.28      20.80
                77 2933.30          170          6.52           17.25     826.20      20.80
                74 2854.97          168          6.62           16.99     755.29      20.80
                13 2725.32          164          3.11           16.62     743.38      20.80
                12 2725.32          164          3.11           16.62     743.38      20.80
                11 2725.32          164          3.11           16.62     743.38      20.80
                10 2725.32          164          3.11           16.62     743.38      20.80
                 9 2725.32          164          3.11           16.62     743.38      20.80
                 8 2725.32          164          3.11           16.62     743.38      20.80
                 7 2725.32          164          3.11           16.62     743.38      20.80
                 6 2725.32          164          3.11           16.62     743.38      20.80
                 5 2725.32          164          3.11           16.62     743.38      20.80
                 4 2725.32          164          3.11           16.62     743.38      20.80
                 3 2725.32          164          3.11           16.62     743.38      20.80
                 2 2725.32          164          3.11           16.62     743.38      20.80
                 1 2725.32          164          3.11           16.62     743.38      20.80
                43 2711.87          166          6.51           16.34     725.45      20.80
                69 2711.75          166          6.51           16.34     725.54      20.80
                67 2632.07          167          6.57           15.76     693.79      20.80
                41 2631.79          167          6.57           15.76     693.79      20.80
                70 2560.31          166          6.47           15.42     631.17      20.80
                40 2560.14          167          6.47           15.33     629.91      20.80
                66 2541.70          166          6.47           15.31     651.92      20.80
                71 2535.42          166          6.39           15.27     656.56      20.80
                44 2534.06          166          6.37           15.27     657.44      20.80
                45 2532.99          166          6.36           15.26     655.61      20.80
                68 2473.91          165          6.08           14.99     667.54      20.80
                42 2472.88          165          6.07           14.99     667.68      20.80
                46 2404.94          165          5.93           14.58     625.61      20.80
                72 2404.35          165          5.92           14.57     625.91      20.80
                73 2371.49          164          5.90           14.46     621.47      20.80
                47 2369.64          164          5.88           14.45     621.53      20.80
                39 2214.84          164          2.71           13.51     485.94      20.80
                26 2214.84          164          2.71           13.51     485.94      20.80
                37 2075.76          164          2.54           12.66     422.19      20.80
                24 2075.76          164          2.54           12.66     422.19      20.80
                36 1999.63          164          2.56           12.19     422.19      20.80
                23 1999.63          164          2.56           12.19     422.19      20.80
               115 1887.91          159          3.55           11.87     422.19      20.80
               117 1709.88          156          2.67           10.96     422.19      20.80
                35 1595.27          164          2.23            9.73     422.19      20.80
                22 1595.27          164          2.23            9.73     422.19      20.80
                38 1570.42          164          2.22            9.58     422.19      20.80
                25 1570.42          164          2.22            9.58     422.19      20.80
                29 1554.32          164          2.16            9.48     422.19      20.80
                16 1554.32          164          2.16            9.48     422.19      20.80
                34 1542.62          164          2.19            9.41     422.19      20.80
                21 1542.62          164          2.19            9.41     422.19      20.80
                33 1540.96          164          2.19            9.40     422.19      20.80
                20 1540.96          164          2.19            9.40     422.19      20.80
                30 1540.80          164          2.19            9.40     422.19      20.80
                17 1540.80          164          2.19            9.40     422.19      20.80
                32 1534.86          164          2.19            9.36     422.19      20.80
                19 1534.86          164          2.19            9.36     422.19      20.80
                31 1527.08          164          2.18            9.31     422.19      20.80
                18 1527.08          164          2.18            9.31     422.19      20.80
                28 1518.62          164          2.18            9.26     422.19      20.80
                15 1518.62          164          2.18            9.26     422.19      20.80
                27 1512.32          164          2.18            9.22     422.19      20.80
                14 1512.32          164          2.18            9.22     422.19      20.80
               142 1433.80          167          2.66            8.59     529.14      20.80
               123 1373.87          167          2.56            8.23     468.07      20.80
               139 1362.27          166          2.55            8.21     468.07      20.80
               125 1201.40          168          2.29            7.15     422.19      20.80
               136 1175.50          168          2.21            7.00     422.19      20.80
               132 1174.54          168          2.20            6.99     422.19      20.80
               135 1173.12          168          2.21            6.98     422.19      20.80
               133 1172.20          168          2.21            6.98     422.19      20.80
               137 1171.72          168          2.21            6.97     422.19      20.80
               134 1171.10          168          2.21            6.97     422.19      20.80
               138 1169.38          168          2.20            6.96     422.19      20.80
               131 1166.16          168          2.20            6.94     422.19      20.80
               129 1142.31          167          1.93            6.84     422.19      20.80
                90 1142.31          167          1.93            6.84     422.19      20.80
                64 1142.31          167          1.93            6.84     422.19      20.80
               122 1135.18          168          2.16            6.76     422.19      20.80
               121 1132.53          167          1.92            6.78     422.19      20.80
                82 1132.53          167          1.92            6.78     422.19      20.80
                56 1132.53          167          1.92            6.78     422.19      20.80
               110 1131.78          167          1.92            6.78     422.19      20.80
                84 1131.78          167          1.92            6.78     422.19      20.80
                58 1131.78          167          1.92            6.78     422.19      20.80
               111 1131.18          167          1.92            6.77     422.19      20.80
                85 1131.18          167          1.92            6.77     422.19      20.80
                59 1131.18          167          1.92            6.77     422.19      20.80
                80 1130.50          167          1.92            6.77     422.19      20.80
                54 1130.50          167          1.92            6.77     422.19      20.80
               120 1129.72          167          1.92            6.76     422.19      20.80
                81 1129.72          167          1.92            6.76     422.19      20.80
                55 1129.72          167          1.92            6.76     422.19      20.80
               124 1120.49          168          2.15            6.67     422.19      20.80
               140 1120.30          166          2.19            6.75     422.19      20.80
               109 1117.38          167          1.91            6.69     422.19      20.80
                83 1117.38          167          1.91            6.69     422.19      20.80
                57 1117.38          167          1.91            6.69     422.19      20.80
               118 1079.75          167          1.88            6.47     422.19      20.80
                79 1079.75          167          1.88            6.47     422.19      20.80
                53 1079.75          167          1.88            6.47     422.19      20.80
               112 1068.01          167          1.87            6.40     422.19      20.80
                86 1068.01          167          1.87            6.40     422.19      20.80
                60 1068.01          167          1.87            6.40     422.19      20.80
                87 1066.50          167          1.86            6.39     422.19      20.80
                61 1066.50          167          1.86            6.39     422.19      20.80
               141  998.91          160          2.47            6.24     422.19      20.80
               119  932.95          158          1.98            5.90     422.19      20.80
               126  930.84          158          1.98            5.89     422.19      20.80
                62  818.93          166          1.65            4.93     422.19      20.80
               130  802.78          164          1.60            4.89     422.19      20.80
                91  802.78          164          1.60            4.89     422.19      20.80
                65  802.78          164          1.60            4.89     422.19      20.80
               113  799.23          159          1.95            5.03     422.19      20.80
               127  792.88          160          1.78            4.96     422.19      20.80
                88  791.42          166          1.61            4.77     422.19      20.80
               128  779.80          165          1.60            4.73     422.19      20.80
                89  779.80          165          1.60            4.73     422.19      20.80
                63  779.80          165          1.60            4.73     422.19      20.80
               143  696.62          153          1.72            4.55     422.19      20.80
               116  671.98          162          1.60            4.15     422.19      20.80
               114  653.58          159          1.72            4.11     422.19      20.80
               106  523.48          157          1.43            3.33     422.19      20.80
               105  520.72          157          1.43            3.32     422.19      20.80
               107  515.44          157          1.42            3.28     422.19      20.80
               108  513.67          157          1.42            3.27     422.19      20.80
