


                                           Optimization Report
                                      EA31337-Lite-Backtest-v1.069
                                      Tripleafx-FX-Demo (Build 971)

      Symbol          EURUSD (Euro vs US Dollar)
      Period          5 Minutes (M5) 2014.01.02 06:20 - 2014.12.29 23:55 (2014.01.01 - 2014.12.30)
      Model           Every tick (the most precise method based on all available least timeframes)
      Initial deposit 2000.00
      Spread          10
                                          [Optimization Graph]
              Pass Profit Total trades Profit factor Expected Payoff Drawdown $ Drawdown %
                 1  35.76           17          2.01            2.10      50.83       2.45
                 6  22.47           16          1.60            1.40      52.61       2.54
                 5  22.47           16          1.60            1.40      52.61       2.54
                 3  22.47           16          1.60            1.40      52.61       2.54
                 4  13.70           17          1.29            0.81      61.38       2.96
                 2  13.61           17          1.29            0.80      61.47       2.96
                34  -2.48           11          0.89           -0.23      21.51       1.07
                42  -4.69           11          0.79           -0.43      24.79       1.24
                39  -4.69           11          0.79           -0.43      24.79       1.24
                13  -6.13           12          0.84           -0.51      28.32       1.41
                 8  -8.28           20          0.88           -0.41      64.62       3.14
                38  -8.52           12          0.70           -0.71      21.51       1.07
                35  -8.52           12          0.70           -0.71      21.51       1.07
                24  -9.30           12          0.77           -0.78      17.08       0.85
                 7 -10.36           20          0.85           -0.52      66.70       3.24
                40 -10.36           11          0.68           -0.94      40.22       2.01
                43 -11.80           11          0.59           -1.07      24.79       1.24
                36 -12.03           11          0.62           -1.09      36.94       1.85
                27 -14.25           15          0.72           -0.95      31.68       1.57
                26 -14.25           15          0.72           -0.95      31.68       1.57
                23 -14.25           15          0.72           -0.95      31.68       1.57
                33 -15.81           11          0.51           -1.44      30.98       1.54
                31 -18.59           12          0.65           -1.55      24.76       1.24
                30 -18.59           12          0.65           -1.55      24.76       1.24
                32 -21.03           11          0.59           -1.91      24.29       1.21
                28 -21.03           11          0.59           -1.91      24.29       1.21
                 9 -21.55           22          0.72           -0.98      63.15       3.09
                11 -27.11           20          0.66           -1.36      59.67       2.94
                14 -29.58           12          0.49           -2.47      37.12       1.85
                29 -30.18           11          0.36           -2.74      33.70       1.68
                16 -30.55           15          0.54           -2.04      48.37       2.42
                10 -31.30           21          0.62           -1.49      63.87       3.14
                22 -32.86           11          0.43           -2.99      40.40       2.02
                19 -32.86           11          0.43           -2.99      40.40       2.02
                25 -36.06           16          0.41           -2.25      53.96       2.68
                15 -37.99           12          0.27           -3.17      47.43       2.36
                12 -38.14           12          0.28           -3.18      46.84       2.34
                21 -38.32           16          0.47           -2.39      42.73       2.13
                18 -40.19           15          0.44           -2.68      62.53       3.12
                20 -42.34           15          0.43           -2.82      63.42       3.16
                17 -49.32           17          0.37           -2.90      51.57       2.58
                41 -55.58           15          0.19           -3.71      68.81       3.42
                37 -61.18           12          0.11           -5.10      64.12       3.20
