


                                           Optimization Report
                                      EA31337-Lite-Backtest-v1.069
                                      Tripleafx-FX-Demo (Build 971)

     Symbol          EURUSD (Euro vs US Dollar)
     Period          15 Minutes (M15) 2015.01.04 23:00 - 2015.12.29 23:45 (2015.01.01 - 2015.12.30)
     Model           Every tick (the most precise method based on all available least timeframes)
     Initial deposit 2000.00
     Spread          10
                                          [Optimization Graph]
              Pass  Profit Total trades Profit factor Expected Payoff Drawdown $ Drawdown %
                43  462.04           58          5.70            7.97     242.89      10.44
                41  462.04           58          5.70            7.97     242.89      10.44
                39  462.04           58          5.70            7.97     242.89      10.44
                31  462.04           58          5.70            7.97     242.89      10.44
                29  462.04           58          5.70            7.97     242.89      10.44
                42  369.19           41          5.00            9.00     169.30       7.80
                40  369.19           41          5.00            9.00     169.30       7.80
                32  369.19           41          5.00            9.00     169.30       7.80
                30  369.19           41          5.00            9.00     169.30       7.80
                21  301.20           15         45.59           20.08      69.72       3.01
                19  301.20           15         45.59           20.08      69.72       3.01
                11  301.20           15         45.59           20.08      69.72       3.01
                 9  301.20           15         45.59           20.08      69.72       3.01
                 7  301.20           15         45.59           20.08      69.72       3.01
                22  199.52           14         16.01           14.25      52.29       2.39
                20  199.52           14         16.01           14.25      52.29       2.39
                18  199.52           14         16.01           14.25      52.29       2.39
                10  199.52           14         16.01           14.25      52.29       2.39
                 8  199.52           14         16.01           14.25      52.29       2.39
                17  143.07           27          1.80            5.30      69.72       3.23
                 1  -25.98           15          0.60           -1.73     116.65       5.78
                15  -26.21           15          0.60           -1.75     116.65       5.78
                13  -26.21           15          0.60           -1.75     116.65       5.78
                 5  -26.21           15          0.60           -1.75     116.65       5.78
                 3  -26.21           15          0.60           -1.75     116.65       5.78
                33  -35.23           14          0.46           -2.52     134.36       6.66
                37  -35.46           14          0.46           -2.53     134.36       6.66
                35  -35.46           14          0.46           -2.53     134.36       6.66
                27  -35.46           14          0.46           -2.53     134.36       6.66
                25  -35.46           14          0.46           -2.53     134.36       6.66
                23  -35.46           14          0.46           -2.53     134.36       6.66
                38 -104.84           19          0.28           -5.52     137.26       6.75
                36 -104.84           19          0.28           -5.52     137.26       6.75
                34 -104.84           19          0.28           -5.52     137.26       6.75
                26 -104.84           19          0.28           -5.52     137.26       6.75
                24 -104.84           19          0.28           -5.52     137.26       6.75
                28 -161.11          130          0.83           -1.24     542.95      22.89
                16 -168.84           25          0.23           -6.75     228.80      11.21
                14 -168.84           25          0.23           -6.75     228.80      11.21
                12 -168.84           25          0.23           -6.75     229.56      11.24
                 6 -168.84           25          0.23           -6.75     228.80      11.21
                 4 -168.84           25          0.23           -6.75     228.80      11.21
                 2 -168.84           25          0.23           -6.75     228.80      11.21
