


                                           Optimization Report
                                      EA31337-Lite-Backtest-v1.070
                                      Tripleafx-FX-Demo (Build 971)

      Symbol          EURUSD (Euro vs US Dollar)
      Period          5 Minutes (M5) 2014.01.02 06:20 - 2014.12.29 23:55 (2014.01.01 - 2014.12.30)
      Model           Every tick (the most precise method based on all available least timeframes)
      Initial deposit 2000.00
      Spread          10
                                          [Optimization Graph]
              Pass Profit Total trades Profit factor Expected Payoff Drawdown $ Drawdown %
                10  36.78           16          1.88            2.30      48.29       2.38
                 9  36.78           16          1.88            2.30      48.29       2.38
                17  30.47           28          1.36            1.09      43.96       2.19
                11  22.98           15          1.55            1.53      51.51       2.54
                13   8.79           25          1.10            0.35      42.50       2.09
                14  -9.61           34          0.92           -0.28      55.22       2.72
                19 -11.38           14          0.81           -0.81      44.39       2.18
                 1 -13.33           19          0.80           -0.70      84.49       4.11
                15 -19.76           13          0.57           -1.52      31.58       1.58
                 3 -20.60           18          0.67           -1.14      73.73       3.62
                 2 -20.60           18          0.67           -1.14      73.73       3.62
                 6 -20.89           14          0.64           -1.49      61.09       3.00
                 5 -20.89           14          0.64           -1.49      61.09       3.00
                20 -23.00           12          0.50           -1.92      31.58       1.58
                 4 -24.37           13          0.58           -1.87      67.15       3.29
                12 -24.65           49          0.85           -0.50     115.08       5.53
                 8 -24.79           17          0.61           -1.46      80.69       3.96
                 7 -24.79           17          0.61           -1.46      80.69       3.96
                18 -24.99           43          0.84           -0.58     109.42       5.31
                16 -28.12           11          0.39           -2.56      36.10       1.81
                22 -39.89           11          0.27           -3.63      45.05       2.25
                21 -39.89           11          0.27           -3.63      45.05       2.25
