


                                           Optimization Report
                                      EA31337-Lite-Backtest-v1.070
                                      Tripleafx-FX-Demo (Build 971)

     Symbol          EURUSD (Euro vs US Dollar)
     Period          30 Minutes (M30) 2014.01.06 00:00 - 2014.12.29 23:30 (2014.01.01 - 2014.12.30)
     Model           Every tick (the most precise method based on all available least timeframes)
     Initial deposit 2000.00
     Spread          10
                                          [Optimization Graph]
              Pass Profit Total trades Profit factor Expected Payoff Drawdown $ Drawdown %
                 6  18.76          718          1.04            0.03      52.88       2.61
                 9  -2.01          617          1.00           -0.00      94.43       4.61
                 4  -4.33          127          0.88           -0.03      11.71       0.58
                10  -5.36           53          0.77           -0.10      11.95       0.60
                27  -5.58           73          0.88           -0.08      19.69       0.98
                26  -5.67          140          0.89           -0.04      16.83       0.84
                20  -7.60           70          0.80           -0.11      20.57       1.02
                11  -8.18           66          0.69           -0.12      15.72       0.78
                16  -8.43           77          0.81           -0.11      17.83       0.89
                22  -8.60          100          0.86           -0.09      28.39       1.41
                 3  -8.92          120          0.78           -0.07      14.21       0.71
                 5  -8.94          128          0.79           -0.07      21.72       1.08
                 8  -9.10          603          0.98           -0.02     105.44       5.14
                 1  -9.10          603          0.98           -0.02     105.44       5.14
                12  -9.49          102          0.78           -0.09      16.72       0.83
                15 -10.32           78          0.77           -0.13      20.15       1.00
                24 -10.61           79          0.83           -0.13      24.28       1.21
                 7 -11.96          779          0.98           -0.02     111.80       5.44
                25 -13.03          216          0.85           -0.06      23.03       1.15
                19 -16.92          150          0.84           -0.11      43.91       2.17
                23 -38.48          401          0.88           -0.10      56.78       2.81
                13 -43.58          369          0.88           -0.12      93.30       4.60
                 2 -43.58          369          0.88           -0.12      93.30       4.60
                17 -45.17          379          0.87           -0.12      95.02       4.68
                21 -45.21          377          0.87           -0.12      93.01       4.59
                18 -45.22          379          0.87           -0.12      94.08       4.64
                14 -45.92          381          0.87           -0.12      95.25       4.69
