


                                           Optimization Report
                                      EA31337-Lite-Backtest-v1.069
                                      Tripleafx-FX-Demo (Build 971)

      Symbol          EURUSD (Euro vs US Dollar)
      Period          5 Minutes (M5) 2015.01.02 06:20 - 2015.12.29 23:55 (2015.01.01 - 2015.12.30)
      Model           Every tick (the most precise method based on all available least timeframes)
      Initial deposit 2000.00
      Spread          10
                                          [Optimization Graph]
              Pass  Profit Total trades Profit factor Expected Payoff Drawdown $ Drawdown %
                 4 1352.93         1205          1.25            1.12    1243.70      29.19
                 9 1238.75         1037          1.26            1.19     818.79      21.49
                 5 1191.32         1196          1.22            1.00    1316.54      30.65
                 1  190.98           50          2.23            3.82     267.36      10.95
                 3  190.09           50          2.22            3.80     267.36      10.96
                 6  180.46           49          2.16            3.68     267.36      11.00
                 2   96.63           17          5.85            5.68      95.35       4.55
                21   80.38           22          1.89            3.65     123.78       5.94
                 8   66.22           20          3.11            3.31      71.29       3.45
                 7   59.24           20          2.83            2.96      71.29       3.45
                11   49.57           19          2.54            2.61      60.44       2.95
                10   49.57           19          2.54            2.61      60.44       2.95
                24   25.64           16          1.33            1.60      84.55       4.20
                23   22.84           19          1.27            1.20      82.12       4.04
                26   -8.96           17          0.90           -0.53      74.84       3.68
                42  -11.11           12          0.85           -0.93      65.18       3.26
                39  -11.11           12          0.85           -0.93      65.18       3.26
                33  -13.17           15          0.79           -0.88      42.22       2.11
                14  -13.70           19          0.88           -0.72     104.96       5.20
                25  -15.69           17          0.78           -0.92      26.91       1.34
                38  -15.71           21          0.89           -0.75      54.35       2.67
                35  -15.71           21          0.89           -0.75      54.35       2.67
                22  -16.73           17          0.84           -0.98     106.84       5.30
                43  -19.37           20          0.86           -0.97      54.35       2.67
                27  -19.95           17          0.77           -1.17      71.32       3.54
                29  -22.32           18          0.82           -1.24      65.63       3.21
                30  -22.54           11          0.61           -2.05      53.32       2.65
                41  -22.89           14          0.64           -1.64      35.50       1.77
                36  -25.68           12          0.65           -2.14      39.33       1.97
                34  -25.85           12          0.70           -2.15      65.18       3.26
                28  -29.22           11          0.66           -2.66      54.77       2.72
                19  -29.63           18          0.75           -1.65     109.13       5.44
                13  -32.19           16          0.62           -2.01      55.69       2.75
                37  -34.55           15          0.70           -2.30      58.64       2.90
                16  -36.77           14          0.50           -2.63      55.17       2.73
                32  -41.75           12          0.42           -3.48      69.88       3.47
                31  -45.19           12          0.41           -3.77      94.18       4.63
                20  -45.77           14          0.42           -3.27      50.77       2.54
                40  -47.99           57          0.87           -0.84     150.62       7.17
                12  -48.48           17          0.49           -2.85      56.91       2.85
                15  -53.73           15          0.39           -3.58      58.90       2.94
                18  -62.55           16          0.36           -3.91      63.77       3.19
                17  -86.80           20          0.31           -4.34      98.43       4.92
