


                                           Optimization Report
                                      EA31337-Lite-Backtest-v1.069
                                      Tripleafx-FX-Demo (Build 971)

     Symbol          EURUSD (Euro vs US Dollar)
     Period          15 Minutes (M15) 2015.01.04 23:00 - 2015.12.29 23:45 (2015.01.01 - 2015.12.30)
     Model           Every tick (the most precise method based on all available least timeframes)
     Initial deposit 2000.00
     Spread          10
                                          [Optimization Graph]
              Pass Profit Total trades Profit factor Expected Payoff Drawdown $ Drawdown %
                 9 853.01          997          1.18            0.86     938.68      27.52
                 1 804.89         1223          1.14            0.66    1462.10      37.33
                 2 597.43         1184          1.11            0.50    1503.93      38.82
                 3 471.05         1174          1.08            0.40    1540.11      41.07
                24 327.91          339          1.21            0.97     326.85      13.21
                11 321.85          800          1.08            0.40     910.81      29.19
                28 209.01           36          5.22            5.81      69.72       3.28
                32 206.71           31          5.68            6.67      69.72       3.27
                26 197.36          282          1.14            0.70     353.50      14.67
                23 185.59          291          1.13            0.64     347.83      14.52
                 4 169.41           44          2.20            3.85     267.36      11.05
                 5 150.17           43          2.06            3.49     254.44      10.64
                 6 128.84           42          1.90            3.07     254.44      10.74
                27  96.70          274          1.07            0.35     396.39      16.61
                40  93.48           11          7.85            8.50      34.86       1.67
                36  90.03           13          7.60            6.93      34.86       1.67
                43  83.53           12         48.63            6.96      84.44       4.03
                 8  75.50           15          5.30            5.03      66.83       3.13
                10  71.72           16          4.11            4.48      62.97       2.96
                 7  71.72           16          4.11            4.48      62.97       2.96
                22  68.47           17          1.72            4.03      73.64       3.63
                25  67.41           20          1.89            3.37      82.52       4.00
                42  66.02           11         38.64            6.00      84.44       4.02
                39  66.02           11         38.64            6.00      84.44       4.02
                38  59.37           11         26.33            5.40      84.44       4.03
                35  59.37           11         26.33            5.40      84.44       4.03
                31  58.10           12          7.08            4.84      34.86       1.69
                29  49.19           18          1.65            2.73     113.02       5.45
                34  46.81           12         20.97            3.90      84.44       4.02
                37  19.41           15          1.26            1.29     109.38       5.36
                16  18.59           18          1.21            1.03     104.54       5.10
                21  -8.36           13          0.78           -0.64      85.16       4.14
                20 -11.30           14          0.79           -0.81      37.98       1.89
                12 -18.62           14          0.70           -1.33      46.43       2.31
                33 -22.39           12          0.64           -1.87      35.98       1.79
                41 -25.00           12          0.62           -2.08      37.97       1.89
                13 -25.74           14          0.53           -1.84      85.16       4.17
                30 -34.94          126          0.94           -0.28     293.58      13.09
                15 -35.78           14          0.53           -2.56      61.65       3.08
                17 -39.49           15          0.47           -2.63      62.67       3.12
                18 -55.36           14          0.48           -3.95      93.80       4.68
                19 -80.28           14          0.29           -5.73     106.56       5.26
                14 -80.28           14          0.29           -5.73     106.56       5.26
