


                                           Optimization Report
                                      EA31337-Lite-Backtest-v1.070
                                      Tripleafx-FX-Demo (Build 971)

     Symbol          EURUSD (Euro vs US Dollar)
     Period          15 Minutes (M15) 2014.01.02 23:00 - 2014.12.29 23:45 (2014.01.01 - 2014.12.30)
     Model           Every tick (the most precise method based on all available least timeframes)
     Initial deposit 2000.00
     Spread          10
                                          [Optimization Graph]
              Pass Profit Total trades Profit factor Expected Payoff Drawdown $ Drawdown %
                28 316.75           96          2.45            3.30     107.44       4.91
                17  -9.45           13          0.70           -0.73      74.04       3.66
                42 -13.40           11          0.48           -1.22      31.79       1.59
                40 -13.40           11          0.48           -1.22      31.79       1.59
                32 -13.40           11          0.48           -1.22      31.79       1.59
                30 -13.40           11          0.48           -1.22      31.79       1.59
                43 -19.80           11          0.34           -1.80      72.87       3.63
                41 -19.80           11          0.34           -1.80      72.87       3.63
                39 -19.80           11          0.34           -1.80      72.87       3.63
                31 -19.80           11          0.34           -1.80      72.87       3.63
                29 -19.80           11          0.34           -1.80      72.87       3.63
                21 -21.25           12          0.32           -1.77      74.04       3.68
                19 -21.25           12          0.32           -1.77      74.04       3.68
                11 -21.25           12          0.32           -1.77      74.04       3.68
                 9 -21.25           12          0.32           -1.77      74.04       3.68
                 7 -21.25           12          0.32           -1.77      74.04       3.68
                22 -36.33           11          0.12           -3.30      54.33       2.72
                20 -36.33           11          0.12           -3.30      54.33       2.72
                18 -36.33           11          0.12           -3.30      54.33       2.72
                10 -36.33           11          0.12           -3.30      54.33       2.72
                 8 -36.33           11          0.12           -3.30      54.33       2.72
                12 -59.31           24          0.41           -2.47     103.05       5.07
                 1 -60.37           28          0.45           -2.16     103.05       5.07
                33 -60.62           25          0.42           -2.42     107.44       5.28
                37 -65.38           25          0.38           -2.62     108.97       5.36
                35 -65.38           25          0.38           -2.62     108.97       5.36
                27 -65.38           25          0.38           -2.62     108.97       5.36
                25 -65.38           25          0.38           -2.62     108.97       5.36
                23 -65.38           25          0.38           -2.62     108.97       5.36
                15 -66.25           22          0.36           -3.01     101.67       5.00
                13 -66.25           22          0.36           -3.01     101.67       5.00
                 5 -66.25           22          0.36           -3.01     101.67       5.00
                 3 -66.25           22          0.36           -3.01     101.67       5.00
                38 -73.12           16          0.17           -4.57     103.05       5.10
                36 -73.12           16          0.17           -4.57     103.05       5.10
                34 -73.12           16          0.17           -4.57     103.05       5.10
                26 -73.12           16          0.17           -4.57     103.05       5.10
                24 -73.12           16          0.17           -4.57     103.05       5.10
                16 -77.75           16          0.18           -4.86      94.58       4.70
                14 -77.75           16          0.18           -4.86      94.58       4.70
                 6 -77.75           16          0.18           -4.86      94.58       4.70
                 4 -77.75           16          0.18           -4.86      94.58       4.70
                 2 -77.75           16          0.18           -4.86      94.58       4.70
