


                                           Optimization Report
                                      EA31337-Lite-Backtest-v1.069
                                      Tripleafx-FX-Demo (Build 971)

      Symbol          EURUSD (Euro vs US Dollar)
      Period          1 Minute (M1) 2015.01.01 23:40 - 2015.12.29 23:59 (2015.01.01 - 2015.12.30)
      Model           Every tick (the most precise method based on all available least timeframes)
      Initial deposit 2000.00
      Spread          10
                                          [Optimization Graph]
              Pass  Profit Total trades Profit factor Expected Payoff Drawdown $ Drawdown %
                 6 1520.34         1187          1.28            1.28    1152.17      26.58
                 5 1483.01         1196          1.27            1.24    1173.86      27.16
                 3 1396.35         1200          1.25            1.16    1226.74      28.64
                 2 1283.95         1208          1.23            1.06    1258.76      29.73
                 4 1261.77         1206          1.23            1.05    1305.37      30.58
                 1 1066.79         1224          1.18            0.87    1395.76      33.48
                10  456.03          982          1.09            0.46     804.21      26.75
                 7  228.09           70          1.69            3.26     154.38       6.77
                 8  225.66          997          1.04            0.23     913.58      30.64
                31  123.48          179          1.14            0.69     125.94       5.88
                26   97.44          301          1.07            0.32     187.53       8.41
                23   92.12          302          1.06            0.31     199.64       8.95
                29   83.50           26          1.63            3.21      81.11       3.93
                34   60.98           49          1.31            1.24      84.18       3.95
                42   56.63           46          1.29            1.23      89.09       4.18
                39   56.63           46          1.29            1.23      89.09       4.18
                30   55.44          165          1.07            0.34     134.57       6.41
                11   53.36           18          2.31            2.96      73.12       3.52
                22   29.45           15          1.49            1.96      51.84       2.54
                27   28.46          289          1.02            0.10     243.59      10.93
                19   15.57           16          1.21            0.97      51.84       2.56
                25   13.80           20          1.13            0.69      50.94       2.48
                 9   13.67           43          1.07            0.32      93.71       4.47
                38   12.82           33          1.09            0.39      66.92       3.22
                35   12.82           33          1.09            0.39      66.92       3.22
                43    8.15           30          1.06            0.27      71.82       3.46
                21    2.62           22          1.02            0.12      76.60       3.79
                28    2.52           55          1.01            0.05      74.44       3.61
                40   -8.46           13          0.81           -0.65      36.25       1.79
                20  -11.99           25          0.91           -0.48      60.07       2.99
                14  -17.16           16          0.82           -1.07      66.15       3.29
                15  -20.87           14          0.65           -1.49      51.30       2.53
                41  -22.48           12          0.63           -1.87      30.74       1.54
                12  -24.77           18          0.68           -1.38      40.32       2.01
                37  -27.57           14          0.61           -1.97      45.87       2.28
                13  -27.63           16          0.62           -1.73      44.38       2.21
                16  -30.52           16          0.59           -1.91      46.02       2.29
                17  -44.16           18          0.56           -2.45      50.83       2.54
                36  -45.81           12          0.27           -3.82      64.24       3.21
                33  -46.77           13          0.37           -3.60      56.50       2.82
                18  -49.03           20          0.59           -2.45      77.24       3.81
                32  -55.50          224          0.95           -0.25     203.08       9.48
                24  -59.78          341          0.97           -0.18     333.55      14.79
