


                                           Optimization Report
                                      EA31337-Lite-Backtest-v1.070
                                      Tripleafx-FX-Demo (Build 971)

      Symbol          EURUSD (Euro vs US Dollar)
      Period          5 Minutes (M5) 2014.01.02 06:20 - 2014.12.29 23:55 (2014.01.01 - 2014.12.30)
      Model           Every tick (the most precise method based on all available least timeframes)
      Initial deposit 2000.00
      Spread          10
                                          [Optimization Graph]
              Pass Profit Total trades Profit factor Expected Payoff Drawdown $ Drawdown %
                49 977.21          344          2.38            2.84     216.22       8.79
                37 921.30          368          2.17            2.50     237.69       9.73
                54 725.90          256          2.43            2.84     168.59       7.04
                50 725.90          256          2.43            2.84     168.59       7.04
                45 620.57          282          2.02            2.20     253.15      10.68
                62 459.86          176          2.31            2.61     149.49       6.74
                58 459.86          176          2.31            2.61     149.49       6.74
                48 270.13           85          2.82            3.18      60.17       2.78
                44 270.13           85          2.82            3.18      60.17       2.78
                40 270.13           85          2.82            3.18      60.17       2.78
                36 270.13           85          2.82            3.18      60.17       2.78
                29 232.61          374          1.21            0.62     183.41       8.53
                25 232.61          374          1.21            0.62     183.41       8.53
                14 229.86          358          1.22            0.64     110.47       5.10
                10 229.86          358          1.22            0.64     110.47       5.10
                64 159.19           49          2.69            3.25      40.29       1.92
                63 159.19           49          2.69            3.25      40.29       1.92
                60 159.19           49          2.69            3.25      40.29       1.92
                59 159.19           49          2.69            3.25      40.29       1.92
                56 159.19           49          2.69            3.25      40.29       1.92
                55 159.19           49          2.69            3.25      40.29       1.92
                52 159.19           49          2.69            3.25      40.29       1.92
                51 159.19           49          2.69            3.25      40.29       1.92
                30 139.73          338          1.14            0.41     123.63       5.88
                26 139.73          338          1.14            0.41     123.63       5.88
                61  41.38           11          5.35            3.76      25.31       1.25
                57  41.38           11          5.35            3.76      25.31       1.25
                 6   7.72           15          1.17            0.51      41.90       2.09
                 2   7.72           15          1.17            0.51      41.90       2.09
                22   7.70           15          1.17            0.51      41.90       2.09
                18   7.70           15          1.17            0.51      41.90       2.09
                 1  -1.86           18          0.97           -0.10      78.23       3.91
                46  -2.38           20          0.96           -0.12      87.70       4.30
                42  -2.38           20          0.96           -0.12      87.70       4.30
                41  -2.77           29          0.97           -0.10     124.05       6.04
                 9  -3.31           18          0.95           -0.18      74.54       3.72
                53  -4.38           26          0.94           -0.17     109.31       5.34
                35  -5.15           11          0.84           -0.47      68.88       3.36
                16  -7.85           12          0.81           -0.65      22.77       1.14
                12  -7.85           12          0.81           -0.65      22.77       1.14
                 8  -7.85           12          0.81           -0.65      22.77       1.14
                 4  -7.85           12          0.81           -0.65      22.77       1.14
                 3  -8.11           18          0.87           -0.45      54.41       2.72
                38  -8.75           23          0.88           -0.38     104.95       5.13
                34  -8.75           23          0.88           -0.38     104.95       5.13
                13  -8.84           16          0.86           -0.55      69.57       3.47
                11  -8.90           15          0.84           -0.59      35.71       1.78
                15 -11.52           12          0.78           -0.96      33.92       1.69
                 7 -11.52           12          0.78           -0.96      33.92       1.69
                47 -14.22           16          0.75           -0.89      85.79       4.23
                39 -14.22           16          0.75           -0.89      85.79       4.23
                32 -16.49           11          0.60           -1.50      35.81       1.78
                31 -16.49           11          0.60           -1.50      35.81       1.78
                28 -16.49           11          0.60           -1.50      35.81       1.78
                27 -16.49           11          0.60           -1.50      35.81       1.78
                24 -16.49           11          0.60           -1.50      35.81       1.78
                23 -16.49           11          0.60           -1.50      35.81       1.78
                20 -16.49           11          0.60           -1.50      35.81       1.78
                19 -16.49           11          0.60           -1.50      35.81       1.78
                17 -16.49           17          0.73           -0.97      77.58       3.87
                43 -20.39           24          0.78           -0.85     121.63       5.97
                21 -24.30           16          0.61           -1.52      77.58       3.87
                 5 -25.95           16          0.58           -1.62      78.23       3.91
                33 -44.99           97          0.84           -0.46     188.36       8.91
