


                                           Optimization Report
                                      EA31337-Lite-Backtest-v1.069
                                      Tripleafx-FX-Demo (Build 971)

      Symbol          EURUSD (Euro vs US Dollar)
      Period          1 Minute (M1) 2015.01.01 23:40 - 2015.12.29 23:59 (2015.01.01 - 2015.12.30)
      Model           Every tick (the most precise method based on all available least timeframes)
      Initial deposit 2000.00
      Spread          10
                                          [Optimization Graph]
              Pass  Profit Total trades Profit factor Expected Payoff Drawdown $ Drawdown %
                39   32.81           30          1.21            1.09      52.33       2.54
                35   32.81           30          1.21            1.09      52.33       2.54
                33   32.81           30          1.21            1.09      52.33       2.54
                29   32.81           30          1.21            1.09      52.33       2.54
                23   32.81           30          1.21            1.09      52.33       2.54
                19   32.81           30          1.21            1.09      52.33       2.54
                17   32.81           30          1.21            1.09      52.33       2.54
                13   32.81           30          1.21            1.09      52.33       2.54
                 7   32.81           30          1.21            1.09      52.33       2.54
                 3   32.81           30          1.21            1.09      52.33       2.54
                 9    8.89           23          1.11            0.39      27.59       1.37
                 1   -0.20           41          1.00           -0.00     160.05       7.63
                 4  -22.96           19          0.75           -1.21      52.54       2.59
                 5  -29.12          170          0.97           -0.17     263.96      12.26
                37  -29.33          170          0.97           -0.17     264.16      12.27
                27  -29.33          170          0.97           -0.17     264.16      12.27
                25  -29.33          170          0.97           -0.17     264.16      12.27
                15  -29.33          170          0.97           -0.17     264.16      12.27
                43  -33.59          167          0.96           -0.20     268.42      12.47
                41  -33.59          167          0.96           -0.20     268.42      12.47
                31  -33.59          167          0.96           -0.20     268.42      12.47
                21  -33.59          167          0.96           -0.20     268.42      12.47
                11  -33.59          167          0.96           -0.20     268.42      12.47
                16 -279.65          496          0.90           -0.56     693.15      28.97
                42 -284.84          489          0.90           -0.58     719.20      29.80
                32 -284.84          489          0.90           -0.58     719.20      29.80
                22 -284.84          489          0.90           -0.58     719.20      29.80
                20 -284.84          489          0.90           -0.58     719.20      29.80
                10 -284.84          489          0.90           -0.58     719.20      29.80
                40 -303.47          493          0.90           -0.62     787.53      31.97
                30 -303.47          493          0.90           -0.62     787.53      31.97
                28 -303.47          493          0.90           -0.62     787.53      31.97
                18 -303.47          493          0.90           -0.62     787.53      31.97
                38 -305.42          496          0.90           -0.62     718.91      30.05
                36 -305.42          496          0.90           -0.62     718.91      30.05
                26 -305.42          496          0.90           -0.62     718.91      30.05
                 6 -305.42          496          0.90           -0.62     718.91      30.05
                34 -324.04          500          0.89           -0.65     787.24      32.23
                24 -324.04          500          0.89           -0.65     787.24      32.23
                14 -324.04          500          0.89           -0.65     787.24      32.23
                 2 -324.04          500          0.89           -0.65     787.24      32.23
                12 -342.67          494          0.88           -0.69     784.95      32.14
                 8 -409.06          499          0.86           -0.82     866.01      35.30
