


                                           Optimization Report
                                      EA31337-Lite-Backtest-v1.069
                                      Tripleafx-FX-Demo (Build 971)

     Symbol          EURUSD (Euro vs US Dollar)
     Period          30 Minutes (M30) 2014.01.06 00:00 - 2014.12.29 23:30 (2014.01.01 - 2014.12.30)
     Model           Every tick (the most precise method based on all available least timeframes)
     Initial deposit 2000.00
     Spread          10
                                          [Optimization Graph]
              Pass Profit Total trades Profit factor Expected Payoff Drawdown $ Drawdown %
                33  60.32           15         15.27            4.02      21.80       1.07
                12  59.21           12         49.38            4.93      21.80       1.07
                28  56.01           12          3.48            4.67      19.65       0.95
                 1  49.83           16          4.95            3.11      24.04       1.17
                27  48.14           13         20.62            3.70      16.35       0.80
                25  48.14           13         20.62            3.70      16.35       0.80
                23  48.14           13         20.62            3.70      16.35       0.80
                37  45.95           12         13.17            3.83      16.35       0.80
                35  45.95           12         13.17            3.83      16.35       0.80
                17  42.14           12          5.26            3.51      23.27       1.15
                16  30.37           15          1.94            2.02      18.92       0.93
                14  30.37           15          1.94            2.02      18.92       0.93
                15  19.46           21          1.38            0.93      55.88       2.71
                13  19.46           21          1.38            0.93      55.88       2.71
                42  -7.55           15          0.85           -0.50      50.13       2.46
                40  -7.55           15          0.85           -0.50      50.13       2.46
                32  -7.55           15          0.85           -0.50      50.13       2.46
                30  -7.55           15          0.85           -0.50      50.13       2.46
                26 -11.84           29          0.88           -0.41      82.64       4.02
                24 -11.84           29          0.88           -0.41      82.64       4.02
                38 -13.52           28          0.87           -0.48      82.64       4.03
                36 -13.52           28          0.87           -0.48      82.64       4.03
                34 -13.52           28          0.87           -0.48      82.64       4.03
                10 -15.98           24          0.83           -0.67      63.10       3.09
                 8 -15.98           24          0.83           -0.67      63.10       3.09
                43 -19.27           24          0.71           -0.80      80.74       3.97
                41 -19.27           24          0.71           -0.80      80.74       3.97
                39 -19.27           24          0.71           -0.80      80.74       3.97
                31 -19.27           24          0.71           -0.80      80.74       3.97
                29 -19.27           24          0.71           -0.80      80.74       3.97
                11 -20.31           12          0.52           -1.69      77.46       3.80
                 9 -20.31           12          0.52           -1.69      77.46       3.80
                 7 -20.31           12          0.52           -1.69      77.46       3.80
                22 -24.90           24          0.72           -1.04      71.78       3.51
                20 -24.90           24          0.72           -1.04      71.78       3.51
                18 -24.90           24          0.72           -1.04      71.78       3.51
                21 -32.65           31          0.68           -1.05     100.23       4.90
                19 -32.65           31          0.68           -1.05     100.23       4.90
                 6 -42.41           33          0.67           -1.29      91.34       4.48
                 4 -42.41           33          0.67           -1.29      91.34       4.48
                 2 -42.41           33          0.67           -1.29      91.34       4.48
                 5 -64.52           54          0.65           -1.19     145.34       7.04
                 3 -64.52           54          0.65           -1.19     145.34       7.04
