


                                           Optimization Report
                                      EA31337-Lite-Backtest-v1.070
                                      Tripleafx-FX-Demo (Build 971)

     Symbol          EURUSD (Euro vs US Dollar)
     Period          30 Minutes (M30) 2014.01.06 00:00 - 2014.12.29 23:30 (2014.01.01 - 2014.12.30)
     Model           Every tick (the most precise method based on all available least timeframes)
     Initial deposit 2000.00
     Spread          10
                                          [Optimization Graph]
              Pass Profit Total trades Profit factor Expected Payoff Drawdown $ Drawdown %
                 3  -8.42           46          0.61           -0.18      11.46       0.57
                11 -10.15           47          0.45           -0.22      10.98       0.55
                 4 -11.81           48          0.52           -0.25      15.76       0.79
                20 -12.63           49          0.55           -0.26      23.24       1.16
                15 -13.58           51          0.44           -0.27      17.46       0.87
                12 -14.31           47          0.31           -0.30      14.86       0.74
                23 -16.18           48          0.52           -0.34      22.09       1.10
                19 -16.77           49          0.39           -0.34      19.66       0.98
                16 -18.47           45          0.35           -0.41      18.65       0.93
                10 -19.43           50          0.26           -0.39      21.50       1.07
                 5 -19.46           45          0.37           -0.43      23.05       1.15
                 6 -21.42           47          0.40           -0.46      31.93       1.59
                 2 -28.56          134          0.92           -0.21     129.96       6.19
                 9 -33.86           46          0.52           -0.74      74.66       3.72
                24 -35.36          126          0.84           -0.28      75.75       3.71
                22 -42.97          143          0.89           -0.30     141.61       6.75
                13 -42.97          143          0.89           -0.30     141.61       6.75
                 8 -52.45           47          0.52           -1.12      85.51       4.25
                 1 -52.45           47          0.52           -1.12      85.51       4.25
                17 -56.10          110          0.80           -0.51      77.78       3.85
                25 -56.94           48          0.16           -1.19      60.51       3.02
                26 -57.52           48          0.16           -1.20      60.77       3.03
                14 -60.87           48          0.54           -1.27      92.34       4.59
                27 -69.82           48          0.24           -1.45      93.46       4.64
                21 -70.81          100          0.75           -0.71      97.21       4.81
                 7 -79.47           48          0.16           -1.66      88.27       4.40
                18 -82.93          111          0.72           -0.75      96.31       4.78
