


                                           Optimization Report
                                      EA31337-Lite-Backtest-v1.070
                                      Tripleafx-FX-Demo (Build 971)

      Symbol          EURUSD (Euro vs US Dollar)
      Period          1 Minute (M1) 2014.01.01 23:41 - 2014.12.29 23:59 (2014.01.01 - 2014.12.30)
      Model           Every tick (the most precise method based on all available least timeframes)
      Initial deposit 2000.00
      Spread          10
                                          [Optimization Graph]
              Pass Profit Total trades Profit factor Expected Payoff Drawdown $ Drawdown %
                 8  -3.96           16          0.93           -0.25      37.16       1.86
                 3  -4.11           16          0.93           -0.26      37.31       1.86
                20  -4.21           13          0.89           -0.32      21.94       1.10
                15  -4.21           13          0.89           -0.32      21.94       1.10
                17  -7.56           15          0.86           -0.50      55.12       2.76
                18  -8.32           15          0.85           -0.55      55.88       2.79
                12  -8.32           15          0.85           -0.55      55.88       2.79
                 6 -10.70           13          0.80           -0.82      32.90       1.64
                 5 -10.70           13          0.80           -0.82      32.90       1.64
                11 -11.25           12          0.75           -0.94      20.29       1.01
                22 -13.63           19          0.82           -0.72      74.10       3.60
                21 -13.63           19          0.82           -0.72      74.10       3.60
                16 -19.80           20          0.75           -0.99      80.28       3.90
                19 -20.04           43          0.87           -0.47      87.85       4.26
                10 -25.43           13          0.58           -1.96      26.45       1.32
                 9 -25.43           13          0.58           -1.96      26.45       1.32
                 7 -29.47           15          0.59           -1.96      35.65       1.78
                 1 -32.66           17          0.58           -1.92      43.82       2.19
                 2 -35.50           16          0.55           -2.22      45.86       2.29
                 4 -42.93           14          0.45           -3.07      44.69       2.23
                14 -45.54          130          0.88           -0.35     120.93       5.83
                13 -89.49          155          0.81           -0.58     175.39       8.42
