


                                           Optimization Report
                                      EA31337-Lite-Backtest-v1.070
                                      Tripleafx-FX-Demo (Build 971)

     Symbol          EURUSD (Euro vs US Dollar)
     Period          30 Minutes (M30) 2014.01.06 00:00 - 2014.12.29 23:30 (2014.01.01 - 2014.12.30)
     Model           Every tick (the most precise method based on all available least timeframes)
     Initial deposit 2000.00
     Spread          10
                                          [Optimization Graph]
              Pass Profit Total trades Profit factor Expected Payoff Drawdown $ Drawdown %
                55  49.94            9         21.55            5.55      58.10       2.87
                53  49.94            9         21.55            5.55      58.10       2.87
                39  49.94            9         21.55            5.55      58.10       2.87
                37  49.94            9         21.55            5.55      58.10       2.87
                51  35.02           15          2.64            2.33      58.10       2.89
                49  35.02           15          2.64            2.33      58.10       2.89
                56   2.47            3          2.02            0.82      19.40       0.96
                54   2.47            3          2.02            0.82      19.40       0.96
                40   2.47            3          2.02            0.82      19.40       0.96
                38   2.47            3          2.02            0.82      19.40       0.96
                64   0.00            0          0.00            0.00       0.00       0.00
                63   0.00            0          0.00            0.00       0.00       0.00
                62   0.00            0          0.00            0.00       0.00       0.00
                61   0.00            0          0.00            0.00       0.00       0.00
                60   0.00            0          0.00            0.00       0.00       0.00
                59   0.00            0          0.00            0.00       0.00       0.00
                58   0.00            0          0.00            0.00       0.00       0.00
                57   0.00            0          0.00            0.00       0.00       0.00
                48   0.00            0          0.00            0.00       0.00       0.00
                47   0.00            0          0.00            0.00       0.00       0.00
                46   0.00            0          0.00            0.00       0.00       0.00
                45   0.00            0          0.00            0.00       0.00       0.00
                44   0.00            0          0.00            0.00       0.00       0.00
                43   0.00            0          0.00            0.00       0.00       0.00
                42   0.00            0          0.00            0.00       0.00       0.00
                41   0.00            0          0.00            0.00       0.00       0.00
                36  -7.19           11          0.72           -0.65      32.48       1.62
                35  -7.19           11          0.72           -0.65      32.48       1.62
                24  -8.04           13          0.69           -0.62      58.87       2.92
                22  -8.04           13          0.69           -0.62      58.87       2.92
                52 -12.46            9          0.42           -1.38      28.28       1.41
                50 -12.46            9          0.42           -1.38      28.28       1.41
                 8 -12.55           15          0.59           -0.84      69.79       3.46
                 6 -13.66           15          0.56           -0.91      70.07       3.47
                 2 -16.10           15          0.46           -1.07      66.18       3.27
                 1 -16.10           15          0.46           -1.07      66.18       3.27
                10 -16.53           11          0.34           -1.50      56.99       2.83
                31 -16.61           11          0.36           -1.51      65.08       3.24
                29 -16.61           11          0.36           -1.51      65.08       3.24
                27 -16.61           11          0.36           -1.51      65.08       3.24
                25 -16.61           11          0.36           -1.51      65.08       3.24
                23 -17.18           15          0.51           -1.15      78.65       3.90
                21 -17.18           15          0.51           -1.15      78.65       3.90
                 4 -17.27           11          0.39           -1.57      61.54       3.04
                 3 -17.27           11          0.39           -1.57      61.54       3.04
                 7 -17.68           17          0.54           -1.04      85.13       4.21
                 5 -17.89           17          0.53           -1.05      85.34       4.22
                15 -19.30           12          0.34           -1.61      67.97       3.37
                11 -19.30           12          0.34           -1.61      67.97       3.37
                13 -19.93           12          0.33           -1.66      68.60       3.40
                 9 -20.67           12          0.31           -1.72      68.60       3.40
                34 -21.16           11          0.22           -1.92      36.99       1.84
                33 -21.16           11          0.22           -1.92      36.99       1.84
                32 -22.08           11          0.46           -2.01      46.33       2.31
                30 -22.08           11          0.46           -2.01      46.33       2.31
                28 -22.08           11          0.46           -2.01      46.33       2.31
                26 -22.08           11          0.46           -2.01      46.33       2.31
                20 -23.32           15          0.43           -1.55      86.57       4.30
                18 -23.32           15          0.43           -1.55      86.57       4.30
                19 -32.46           17          0.35           -1.91     106.35       5.27
                17 -32.46           17          0.35           -1.91     106.35       5.27
                16 -61.73           14          0.09           -4.41      80.24       3.98
                12 -61.73           14          0.09           -4.41      80.24       3.98
                14 -62.41           15          0.09           -4.16      80.92       4.02
