


                                           Optimization Report
                                      EA31337-Lite-Backtest-v1.070
                                      Tripleafx-FX-Demo (Build 971)

     Symbol          EURUSD (Euro vs US Dollar)
     Period          30 Minutes (M30) 2014.01.06 00:00 - 2014.12.29 23:30 (2014.01.01 - 2014.12.30)
     Model           Every tick (the most precise method based on all available least timeframes)
     Initial deposit 2000.00
     Spread          10
                                          [Optimization Graph]
              Pass Profit Total trades Profit factor Expected Payoff Drawdown $ Drawdown %
                20  11.68          560          1.03            0.02      50.67       2.50
                19   6.60          578          1.02            0.01      47.88       2.36
                27  -0.22          534          1.00           -0.00      68.52       3.35
                12  -3.71           51          0.85           -0.07       8.95       0.45
                 4  -7.37           51          0.74           -0.14      15.58       0.78
                11  -9.36           56          0.68           -0.17      15.58       0.78
                 1 -11.64           55          0.77           -0.21      42.92       2.13
                25 -12.25          544          0.97           -0.02      65.66       3.22
                23 -12.75           47          0.71           -0.27      23.72       1.18
                 3 -14.37           55          0.54           -0.26      18.99       0.95
                 7 -17.20           52          0.64           -0.33      36.47       1.82
                16 -17.73           63          0.56           -0.28      26.64       1.33
                18 -18.09           49          0.63           -0.37      41.55       2.06
                14 -18.09           49          0.63           -0.37      41.55       2.06
                13 -18.20           52          0.63           -0.35      41.66       2.07
                 2 -18.20           52          0.63           -0.35      41.66       2.07
                21 -18.69           52          0.62           -0.36      42.27       2.10
                15 -18.77           61          0.50           -0.31      26.12       1.30
                 5 -19.11           53          0.55           -0.36      26.57       1.33
                24 -19.18           45          0.60           -0.43      33.33       1.66
                 8 -19.38           56          0.64           -0.35      42.93       2.13
                17 -19.46           52          0.61           -0.37      42.92       2.13
                 6 -19.84           62          0.61           -0.32      33.11       1.65
                10 -20.31           54          0.48           -0.38      23.78       1.19
                22 -20.36           56          0.58           -0.36      23.16       1.16
                 9 -20.68           71          0.68           -0.29      42.97       2.13
                26 -30.82          320          0.84           -0.10      42.85       2.13
