


                                           Optimization Report
                                      EA31337-Lite-Backtest-v1.070
                                      Tripleafx-FX-Demo (Build 971)

     Symbol          EURUSD (Euro vs US Dollar)
     Period          30 Minutes (M30) 2014.01.06 00:00 - 2014.12.29 23:30 (2014.01.01 - 2014.12.30)
     Model           Every tick (the most precise method based on all available least timeframes)
     Initial deposit 2000.00
     Spread          10
                                          [Optimization Graph]
              Pass Profit Total trades Profit factor Expected Payoff Drawdown $ Drawdown %
                15 -12.84           49          0.50           -0.26      17.58       0.88
                16 -13.09           47          0.55           -0.28      22.86       1.14
                 5 -13.94           95          0.73           -0.15      21.84       1.09
                26 -17.75           46          0.45           -0.39      22.85       1.14
                25 -17.75           46          0.45           -0.39      22.85       1.14
                 9 -17.96           44          0.50           -0.41      25.82       1.29
                 6 -18.50           45          0.43           -0.41      27.88       1.39
                10 -18.98           46          0.33           -0.41      27.27       1.36
                20 -19.40           45          0.35           -0.43      29.92       1.50
                12 -19.62           90          0.61           -0.22      21.37       1.07
                11 -22.56           97          0.60           -0.23      29.46       1.47
                 7 -23.26           54          0.43           -0.43      25.42       1.27
                 4 -24.53          198          0.76           -0.12      27.62       1.38
                19 -27.73          120          0.61           -0.23      29.28       1.46
                27 -28.02          101          0.64           -0.28      31.84       1.59
                 3 -28.98           48          0.33           -0.60      32.83       1.64
                24 -31.11           46          0.37           -0.68      37.30       1.86
                22 -31.19          123          0.61           -0.25      35.50       1.77
                 8 -31.32           60          0.43           -0.52      33.20       1.66
                 1 -35.81           62          0.34           -0.58      36.37       1.82
                13 -36.01           62          0.34           -0.58      38.18       1.91
                21 -36.04           62          0.34           -0.58      38.21       1.91
                18 -36.04           62          0.34           -0.58      38.21       1.91
                17 -36.04           62          0.34           -0.58      38.21       1.91
                14 -36.04           62          0.34           -0.58      38.21       1.91
                 2 -36.04           62          0.34           -0.58      38.21       1.91
                23 -36.15           65          0.46           -0.56      38.03       1.90
