


                                           Optimization Report
                                      EA31337-Lite-Backtest-v1.069
                                      Tripleafx-FX-Demo (Build 971)

      Symbol          EURUSD (Euro vs US Dollar)
      Period          5 Minutes (M5) 2014.01.02 06:20 - 2014.12.29 23:55 (2014.01.01 - 2014.12.30)
      Model           Every tick (the most precise method based on all available least timeframes)
      Initial deposit 2000.00
      Spread          10
                                          [Optimization Graph]
              Pass Profit Total trades Profit factor Expected Payoff Drawdown $ Drawdown %
                 1  43.06           18          2.08            2.39      38.18       1.84
                 9 -10.41           13          0.76           -0.80      23.11       1.16
                42 -15.55           22          0.77           -0.71      65.26       3.23
                38 -15.55           22          0.77           -0.71      65.26       3.23
                36 -15.55           22          0.77           -0.71      65.26       3.23
                32 -15.55           22          0.77           -0.71      65.26       3.23
                26 -15.55           22          0.77           -0.71      65.26       3.23
                22 -15.55           22          0.77           -0.71      65.26       3.23
                20 -15.55           22          0.77           -0.71      65.26       3.23
                16 -15.55           22          0.77           -0.71      65.26       3.23
                10 -15.55           22          0.77           -0.71      65.26       3.23
                 6 -15.55           22          0.77           -0.71      65.26       3.23
                40 -16.76           30          0.83           -0.56      56.72       2.80
                34 -16.76           30          0.83           -0.56      56.72       2.80
                30 -16.76           30          0.83           -0.56      56.72       2.80
                28 -16.76           30          0.83           -0.56      56.72       2.80
                24 -16.76           30          0.83           -0.56      56.72       2.80
                18 -16.76           30          0.83           -0.56      56.72       2.80
                14 -16.76           30          0.83           -0.56      56.72       2.80
                12 -16.76           30          0.83           -0.56      56.72       2.80
                 8 -16.76           30          0.83           -0.56      56.72       2.80
                 2 -16.76           30          0.83           -0.56      56.72       2.80
                 4 -26.45           49          0.85           -0.54      81.46       3.98
                43 -34.47           23          0.57           -1.50      76.17       3.78
                41 -34.47           23          0.57           -1.50      76.17       3.78
                37 -34.47           23          0.57           -1.50      76.17       3.78
                31 -34.47           23          0.57           -1.50      76.17       3.78
                27 -34.47           23          0.57           -1.50      76.17       3.78
                25 -34.47           23          0.57           -1.50      76.17       3.78
                21 -34.47           23          0.57           -1.50      76.17       3.78
                15 -34.47           23          0.57           -1.50      76.17       3.78
                11 -34.47           23          0.57           -1.50      76.17       3.78
                 5 -34.47           23          0.57           -1.50      76.17       3.78
                39 -37.23           17          0.41           -2.19      41.39       2.07
                35 -37.23           17          0.41           -2.19      41.39       2.07
                33 -37.23           17          0.41           -2.19      41.39       2.07
                29 -37.23           17          0.41           -2.19      41.39       2.07
                23 -37.23           17          0.41           -2.19      41.39       2.07
                19 -37.23           17          0.41           -2.19      41.39       2.07
                17 -37.23           17          0.41           -2.19      41.39       2.07
                13 -37.23           17          0.41           -2.19      41.39       2.07
                 7 -37.23           17          0.41           -2.19      41.39       2.07
                 3 -37.23           17          0.41           -2.19      41.39       2.07
