


                                           Optimization Report
                                      EA31337-Lite-Backtest-v1.069
                                      Tripleafx-FX-Demo (Build 971)

     Symbol          EURUSD (Euro vs US Dollar)
     Period          30 Minutes (M30) 2014.01.06 00:00 - 2014.12.29 23:30 (2014.01.01 - 2014.12.30)
     Model           Every tick (the most precise method based on all available least timeframes)
     Initial deposit 2000.00
     Spread          10
                                          [Optimization Graph]
              Pass Profit Total trades Profit factor Expected Payoff Drawdown $ Drawdown %
                13  25.04           17          1.87            1.47      37.30       1.84
                14  23.06           12          2.41            1.92      19.25       0.95
                 5  21.07           19          1.53            1.11      36.28       1.79
                 1  21.07           19          1.53            1.11      36.28       1.79
                 9  16.84           18          1.45            0.94      37.30       1.84
                16  16.03            5          4.06            3.21       9.29       0.46
                15  16.03            5          4.06            3.21       9.29       0.46
                12  12.49            7          1.93            1.78      14.63       0.72
                11  12.49            7          1.93            1.78      14.63       0.72
                 2   7.05           16          1.22            0.44      30.84       1.52
                 6   6.93           15          1.22            0.46      29.06       1.43
                 4   6.64           11          1.32            0.60      24.89       1.23
                 3   6.56           13          1.26            0.50      24.89       1.23
                10   5.62           14          1.18            0.40      30.06       1.48
                 8   0.20            9          1.01            0.02      24.89       1.23
                 7   0.12           11          1.00            0.01      24.89       1.23
                32   0.00            0          0.00            0.00       0.00       0.00
                31   0.00            0          0.00            0.00       0.00       0.00
                30   0.00            0          0.00            0.00       0.00       0.00
                29   0.00            0          0.00            0.00       0.00       0.00
                28   0.00            0          0.00            0.00       0.00       0.00
                27   0.00            0          0.00            0.00       0.00       0.00
                26   0.00            0          0.00            0.00       0.00       0.00
                25   0.00            0          0.00            0.00       0.00       0.00
                24   0.00            0          0.00            0.00       0.00       0.00
                23   0.00            0          0.00            0.00       0.00       0.00
                22   0.00            0          0.00            0.00       0.00       0.00
                21   0.00            0          0.00            0.00       0.00       0.00
                20   0.00            0          0.00            0.00       0.00       0.00
                19   0.00            0          0.00            0.00       0.00       0.00
                18   0.00            0          0.00            0.00       0.00       0.00
                17   0.00            0          0.00            0.00       0.00       0.00
