


                                           Optimization Report
                                      EA31337-Lite-Backtest-v1.070
                                      Tripleafx-FX-Demo (Build 971)

     Symbol          EURUSD (Euro vs US Dollar)
     Period          15 Minutes (M15) 2014.01.02 23:00 - 2014.12.29 23:45 (2014.01.01 - 2014.12.30)
     Model           Every tick (the most precise method based on all available least timeframes)
     Initial deposit 2000.00
     Spread          10
                                          [Optimization Graph]
              Pass Profit Total trades Profit factor Expected Payoff Drawdown $ Drawdown %
                 5  -4.41           12          0.32           -0.37       6.86       0.34
                 9  -4.89           11          0.52           -0.44      14.02       0.70
                 1  -5.18           13          0.50           -0.40      14.02       0.70
                 6  -5.64           11          0.33           -0.51       6.99       0.35
                 2  -6.14           12          0.36           -0.51       9.83       0.49
                12  -6.38           13          0.67           -0.49      21.02       1.05
                26  -6.64           43          0.88           -0.15      36.95       1.82
                20  -7.10           41          0.88           -0.17      36.91       1.82
                 8  -7.15           12          0.64           -0.60      11.79       0.59
                16  -7.30           11          0.63           -0.66      11.79       0.59
                18  -7.81           43          0.86           -0.18      37.62       1.85
                11  -8.95           11          0.38           -0.81      21.87       1.09
                17  -9.44           11          0.32           -0.86      13.37       0.67
                25  -9.91           11          0.31           -0.90      14.91       0.74
                13 -10.36           13          0.17           -0.80      11.40       0.57
                31 -13.04           11          0.14           -1.19      17.94       0.89
                23 -13.04           11          0.14           -1.19      17.94       0.89
                32 -13.17           11          0.48           -1.20      18.66       0.93
                24 -13.17           11          0.48           -1.20      18.66       0.93
                29 -13.29           11          0.13           -1.21      16.77       0.84
                15 -13.69           11          0.14           -1.24      18.59       0.93
                 7 -13.69           11          0.14           -1.24      18.59       0.93
                30 -13.70           12          0.47           -1.14      19.19       0.96
                22 -13.70           12          0.47           -1.14      19.19       0.96
                14 -13.78           11          0.11           -1.25      15.15       0.76
                 3 -14.25           12          0.28           -1.19      27.17       1.35
                10 -15.37           11          0.14           -1.40      19.64       0.98
                27 -16.48           12          0.22           -1.37      23.19       1.16
                19 -16.48           12          0.22           -1.37      23.19       1.16
                21 -16.59           13          0.11           -1.28      19.00       0.95
                 4 -20.88           11          0.07           -1.90      26.32       1.31
                28 -22.07          118          0.86           -0.19      56.36       2.77
