


                                           Optimization Report
                                      EA31337-Lite-Backtest-v1.070
                                      Tripleafx-FX-Demo (Build 971)

     Symbol          EURUSD (Euro vs US Dollar)
     Period          30 Minutes (M30) 2014.01.06 00:00 - 2014.12.29 23:30 (2014.01.01 - 2014.12.30)
     Model           Every tick (the most precise method based on all available least timeframes)
     Initial deposit 2000.00
     Spread          10
                                          [Optimization Graph]
              Pass Profit Total trades Profit factor Expected Payoff Drawdown $ Drawdown %
                 2  24.71          119          1.15            0.21      64.97       3.20
                13  14.90          183          1.05            0.08      73.34       3.52
                22   8.49          183          1.03            0.05      73.34       3.53
                 3  -9.14          105          0.78           -0.09      19.92       0.99
                11 -10.67          105          0.72           -0.10      21.13       1.05
                 4 -15.62          106          0.63           -0.15      19.71       0.98
                10 -16.65          102          0.59           -0.16      25.51       1.27
                12 -17.26          101          0.59           -0.17      23.26       1.16
                19 -17.90          102          0.61           -0.18      27.77       1.38
                20 -18.49          102          0.61           -0.18      33.77       1.68
                15 -20.87          101          0.51           -0.21      23.85       1.19
                 6 -21.12          102          0.59           -0.21      36.02       1.79
                 5 -23.60          104          0.54           -0.23      29.06       1.45
                16 -27.52          103          0.45           -0.27      29.92       1.50
                18 -36.76          107          0.77           -0.34      88.10       4.40
                17 -42.42          108          0.75           -0.39      93.76       4.68
                26 -43.92          105          0.38           -0.42      54.48       2.71
                25 -44.44          105          0.38           -0.42      55.36       2.75
                24 -50.08          107          0.53           -0.47      77.48       3.83
                 7 -51.98          106          0.50           -0.49      72.71       3.61
                23 -52.35          302          0.82           -0.17      64.83       3.22
                 9 -62.66          215          0.82           -0.29     134.05       6.47
                21 -64.29          180          0.81           -0.36      81.46       4.06
                27 -65.60          103          0.37           -0.64      93.65       4.64
                 8 -80.16          160          0.72           -0.50     101.32       5.02
                 1 -80.16          160          0.72           -0.50     101.32       5.02
                14 -83.85          106          0.51           -0.79     111.04       5.54
