


                                           Optimization Report
                                      EA31337-Lite-Backtest-v1.070
                                      Tripleafx-FX-Demo (Build 971)

     Symbol          EURUSD (Euro vs US Dollar)
     Period          30 Minutes (M30) 2014.01.06 00:00 - 2014.12.29 23:30 (2014.01.01 - 2014.12.30)
     Model           Every tick (the most precise method based on all available least timeframes)
     Initial deposit 2000.00
     Spread          10
                                          [Optimization Graph]
              Pass Profit Total trades Profit factor Expected Payoff Drawdown $ Drawdown %
                64  43.00           48          1.35            0.90      69.68       3.33
                63  43.00           48          1.35            0.90      69.68       3.33
                60  43.00           48          1.35            0.90      69.68       3.33
                59  43.00           48          1.35            0.90      69.68       3.33
                56  43.00           48          1.35            0.90      69.68       3.33
                55  43.00           48          1.35            0.90      69.68       3.33
                52  43.00           48          1.35            0.90      69.68       3.33
                51  43.00           48          1.35            0.90      69.68       3.33
                 5  38.33           13          7.04            2.95      23.57       1.15
                17  35.60           14          3.74            2.54      23.57       1.15
                21   5.81           16          1.18            0.36      52.95       2.58
                41   3.05           21          1.05            0.15      69.67       3.43
                53  -6.39           12          0.80           -0.53      40.42       2.00
                45  -7.22           16          0.84           -0.45      72.06       3.56
                37  -8.84           14          0.78           -0.63      52.00       2.56
                 6 -11.52           14          0.66           -0.82      36.00       1.80
                 2 -11.52           14          0.66           -0.82      36.00       1.80
                22 -15.42           13          0.55           -1.19      36.00       1.80
                18 -15.42           13          0.55           -1.19      36.00       1.80
                43 -19.06           15          0.55           -1.27      87.04       4.27
                33 -19.98           36          0.82           -0.55     133.81       6.58
                47 -20.80           12          0.53           -1.73      60.78       3.03
                39 -20.80           12          0.53           -1.73      60.78       3.03
                48 -21.09           13          0.57           -1.62      48.75       2.43
                44 -21.09           13          0.57           -1.62      48.75       2.43
                40 -21.09           13          0.57           -1.62      48.75       2.43
                36 -21.09           13          0.57           -1.62      48.75       2.43
                54 -21.75           27          0.81           -0.81      61.46       3.03
                50 -21.75           27          0.81           -0.81      61.46       3.03
                11 -21.80           25          0.67           -0.87      90.76       4.47
                35 -22.55           33          0.74           -0.68      77.43       3.80
                14 -27.64           19          0.54           -1.45      83.06       4.11
                10 -27.64           19          0.54           -1.45      83.06       4.11
                16 -28.05           14          0.60           -2.00      51.67       2.56
                12 -28.05           14          0.60           -2.00      51.67       2.56
                 8 -28.05           14          0.60           -2.00      51.67       2.56
                 4 -28.05           14          0.60           -2.00      51.67       2.56
                32 -28.69           11          0.37           -2.61      41.87       2.09
                31 -28.69           11          0.37           -2.61      41.87       2.09
                28 -28.69           11          0.37           -2.61      41.87       2.09
                27 -28.69           11          0.37           -2.61      41.87       2.09
                24 -28.69           11          0.37           -2.61      41.87       2.09
                23 -28.69           11          0.37           -2.61      41.87       2.09
                20 -28.69           11          0.37           -2.61      41.87       2.09
                19 -28.69           11          0.37           -2.61      41.87       2.09
                49 -29.70           22          0.65           -1.35      95.91       4.74
                38 -33.94           28          0.73           -1.21      61.46       3.05
                34 -33.94           28          0.73           -1.21      61.46       3.05
                62 -37.28          100          0.86           -0.37      97.49       4.75
                58 -37.28          100          0.86           -0.37      97.49       4.75
                46 -40.57          115          0.87           -0.35      97.18       4.73
                42 -40.57          115          0.87           -0.35      97.18       4.73
                30 -41.24           22          0.54           -1.87      62.80       3.11
                26 -41.24           22          0.54           -1.87      62.80       3.11
                15 -42.57           23          0.57           -1.85      77.78       3.82
                 7 -42.57           23          0.57           -1.85      77.78       3.82
                 9 -52.39           31          0.53           -1.69      86.43       4.25
                29 -53.77           26          0.50           -2.07      81.92       4.04
                25 -53.77           26          0.50           -2.07      81.92       4.04
                 1 -55.30           63          0.74           -0.88     119.23       5.82
                 3 -59.48           45          0.64           -1.32     100.01       4.92
                13 -69.24           29          0.44           -2.39     112.56       5.52
                61 -82.23          134          0.78           -0.61     139.48       6.79
                57 -82.23          134          0.78           -0.61     139.48       6.79
