


                                           Optimization Report
                                      EA31337-Lite-Backtest-v1.070
                                      Tripleafx-FX-Demo (Build 971)

     Symbol          EURUSD (Euro vs US Dollar)
     Period          30 Minutes (M30) 2014.01.06 00:00 - 2014.12.29 23:30 (2014.01.01 - 2014.12.30)
     Model           Every tick (the most precise method based on all available least timeframes)
     Initial deposit 2000.00
     Spread          10
                                          [Optimization Graph]
              Pass Profit Total trades Profit factor Expected Payoff Drawdown $ Drawdown %
                 4 -11.21           50          0.70           -0.22      19.35       0.97
                12 -13.79           46          0.58           -0.30      25.29       1.26
                14 -18.30           47          0.60           -0.39      26.45       1.32
                11 -18.74           48          0.52           -0.39      25.08       1.25
                18 -18.98           47          0.59           -0.40      27.15       1.35
                17 -19.76           46          0.59           -0.43      27.92       1.39
                21 -21.15           47          0.58           -0.45      32.77       1.63
                 2 -21.22           47          0.57           -0.45      32.84       1.64
                13 -21.30           47          0.57           -0.45      32.92       1.64
                10 -23.39           53          0.56           -0.44      33.68       1.68
                 3 -23.58           50          0.60           -0.47      33.26       1.66
                20 -24.37           57          0.59           -0.43      36.11       1.80
                 7 -26.71           47          0.54           -0.57      43.12       2.14
                15 -28.13           46          0.39           -0.61      32.93       1.64
                 6 -30.76           46          0.45           -0.67      37.51       1.87
                 9 -31.19           47          0.46           -0.66      47.89       2.38
                 8 -32.17           46          0.45           -0.70      38.52       1.92
                25 -32.18           46          0.43           -0.70      41.14       2.05
                26 -32.18           46          0.44           -0.70      43.57       2.17
                16 -32.60           48          0.37           -0.68      42.12       2.10
                 1 -32.91           46          0.44           -0.72      38.52       1.92
                19 -33.24           47          0.35           -0.71      41.24       2.06
                22 -36.98          148          0.67           -0.25      47.17       2.35
                 5 -41.79           45          0.33           -0.93      46.25       2.31
                24 -44.59          791          0.94           -0.06     112.32       5.52
                27 -45.50           46          0.31           -0.99      62.75       3.11
                23 -86.74          839          0.88           -0.10     170.74       8.20
