


                                           Optimization Report
                                      EA31337-Lite-Backtest-v1.070
                                      Tripleafx-FX-Demo (Build 971)

     Symbol          EURUSD (Euro vs US Dollar)
     Period          30 Minutes (M30) 2014.01.06 00:00 - 2014.12.29 23:30 (2014.01.01 - 2014.12.30)
     Model           Every tick (the most precise method based on all available least timeframes)
     Initial deposit 2000.00
     Spread          10
                                          [Optimization Graph]
              Pass Profit Total trades Profit factor Expected Payoff Drawdown $ Drawdown %
                20  35.14           67          1.16            0.52      90.11       4.38
                18 -16.09           16          0.75           -1.01      84.23       4.07
                12 -16.09           16          0.75           -1.01      84.23       4.07
                10 -17.67           15          0.74           -1.18      52.75       2.60
                 9 -17.67           15          0.74           -1.18      52.75       2.60
                17 -20.81           17          0.70           -1.22      90.31       4.37
                 7 -21.89           25          0.74           -0.88      71.35       3.48
                15 -22.37           55          0.89           -0.41      81.12       3.94
                19 -29.87           13          0.47           -2.30      76.64       3.75
                13 -29.87           13          0.47           -2.30      76.64       3.75
                 8 -30.29           22          0.62           -1.38      67.21       3.30
                11 -31.96           13          0.53           -2.46      52.75       2.62
                14 -36.15           13          0.43           -2.78      81.05       3.96
                 2 -39.19           26          0.62           -1.51      88.77       4.33
                22 -41.27           13          0.40           -3.17      72.61       3.61
                21 -41.27           13          0.40           -3.17      72.61       3.61
                16 -41.27           13          0.40           -3.17      72.61       3.61
                 1 -44.09           27          0.59           -1.63      93.23       4.55
                 4 -45.99           19          0.54           -2.42      76.17       3.76
                 3 -53.48           24          0.48           -2.23      88.77       4.36
                 6 -60.28           17          0.39           -3.55      76.17       3.79
                 5 -60.28           17          0.39           -3.55      76.17       3.79
