


                                           Optimization Report
                                      EA31337-Lite-Backtest-v1.070
                                      Tripleafx-FX-Demo (Build 971)

     Symbol          EURUSD (Euro vs US Dollar)
     Period          30 Minutes (M30) 2014.01.06 00:00 - 2014.12.29 23:30 (2014.01.01 - 2014.12.30)
     Model           Every tick (the most precise method based on all available least timeframes)
     Initial deposit 2000.00
     Spread          10
                                          [Optimization Graph]
              Pass Profit Total trades Profit factor Expected Payoff Drawdown $ Drawdown %
                20  -3.80           57          0.93           -0.07      28.65       1.43
                 4  -3.94           48          0.85           -0.08      18.39       0.92
                15 -13.50           53          0.67           -0.25      29.14       1.45
                11 -14.05           48          0.60           -0.29      22.10       1.10
                 3 -15.68           52          0.53           -0.30      21.61       1.08
                12 -17.46           49          0.53           -0.36      25.46       1.27
                 6 -17.48           53          0.63           -0.33      31.58       1.58
                19 -18.29           54          0.63           -0.34      31.30       1.56
                22 -18.31           54          0.64           -0.34      29.51       1.47
                10 -18.68           69          0.63           -0.27      26.46       1.32
                26 -20.75           66          0.65           -0.31      30.48       1.52
                 9 -21.14           67          0.70           -0.32      33.78       1.68
                25 -21.46           62          0.63           -0.35      30.63       1.53
                24 -23.77           58          0.54           -0.41      39.11       1.95
                23 -24.42           53          0.55           -0.46      36.64       1.83
                 5 -28.74           64          0.51           -0.45      36.55       1.82
                16 -30.03           49          0.46           -0.61      43.80       2.19
                 7 -36.58           69          0.56           -0.53      53.34       2.66
                21 -37.17           65          0.55           -0.57      55.71       2.77
                18 -37.17           65          0.55           -0.57      55.71       2.77
                17 -37.17           65          0.55           -0.57      55.71       2.77
                14 -37.17           65          0.55           -0.57      55.71       2.77
                13 -37.17           65          0.55           -0.57      55.71       2.77
                 8 -37.17           65          0.55           -0.57      55.71       2.77
                 2 -37.17           65          0.55           -0.57      55.71       2.77
                 1 -37.17           65          0.55           -0.57      55.71       2.77
                27 -39.91           65          0.51           -0.61      55.56       2.77
