


                                           Optimization Report
                                      EA31337-Lite-Backtest-v1.069
                                      Tripleafx-FX-Demo (Build 971)

      Symbol          EURUSD (Euro vs US Dollar)
      Period          1 Minute (M1) 2014.01.01 23:41 - 2014.12.29 23:59 (2014.01.01 - 2014.12.30)
      Model           Every tick (the most precise method based on all available least timeframes)
      Initial deposit 2000.00
      Spread          10
                                          [Optimization Graph]
              Pass  Profit Total trades Profit factor Expected Payoff Drawdown $ Drawdown %
                13 3927.17           88          4.10           44.63    1509.46      32.76
                17 3739.92           99          4.39           37.78    1432.05      31.91
                18 3678.25           93          4.19           39.55    1354.64      30.14
                14 3550.27           92          4.10           38.59    1315.94      29.91
                22 3437.21          115          2.18           29.89     905.40      20.28
                21 3306.08           90          3.76           36.73    1277.23      30.49
                 2 2721.87          113          3.18           24.09    1432.05      30.82
                10 2504.80         1305          2.65            1.92     938.87      25.83
                 8 1896.00          601          2.43            3.15     565.81      15.57
                 1 1896.00          601          2.43            3.15     565.81      15.57
                 9  486.09         1186          1.26            0.41     402.47      16.84
                 7   77.41         1183          1.04            0.07     216.61       9.58
                 6 -169.92         2859          0.93           -0.06     319.15      15.80
                25 -252.28         2880          0.90           -0.09     407.46      19.91
                23 -266.68         2943          0.90           -0.09     295.38      14.64
                24 -290.21         2967          0.89           -0.10     459.85      22.46
                 5 -315.74         3849          0.88           -0.08     362.99      17.87
                26 -439.89         1769          0.81           -0.25     489.84      23.95
                19 -490.31         5402          0.82           -0.09     546.57      26.82
                20 -501.14         4631          0.81           -0.11     566.93      27.84
                15 -502.83         6588          0.82           -0.08     529.50      26.16
                12 -519.79         6277          0.81           -0.08     550.29      27.20
                16 -548.37         5474          0.80           -0.10     585.62      28.84
                11 -603.10         7094          0.79           -0.09     632.84      31.25
                 4 -624.59         5662          0.79           -0.11     634.50      31.60
                 3 -840.27         8105          0.72           -0.10     866.73      42.98
