


                                           Optimization Report
                                      EA31337-Lite-Backtest-v1.070
                                      Tripleafx-FX-Demo (Build 971)

     Symbol          EURUSD (Euro vs US Dollar)
     Period          30 Minutes (M30) 2014.01.06 00:00 - 2014.12.29 23:30 (2014.01.01 - 2014.12.30)
     Model           Every tick (the most precise method based on all available least timeframes)
     Initial deposit 2000.00
     Spread          10
                                          [Optimization Graph]
              Pass Profit Total trades Profit factor Expected Payoff Drawdown $ Drawdown %
                 8  10.40          205          1.02            0.05      99.53       4.82
                 1  10.40          205          1.02            0.05      99.53       4.82
                 4  -5.48           63          0.83           -0.09      14.05       0.70
                16  -8.23           57          0.67           -0.14      14.08       0.70
                 5 -10.03           71          0.75           -0.14      28.01       1.39
                 6 -11.10           65          0.75           -0.17      36.02       1.78
                19 -11.28           48          0.49           -0.23      14.03       0.70
                15 -11.31           67          0.56           -0.17      19.14       0.95
                20 -11.35           49          0.48           -0.23      17.96       0.90
                12 -12.08           68          0.54           -0.18      14.75       0.74
                11 -12.40           59          0.45           -0.21      12.40       0.62
                23 -12.66           55          0.68           -0.23      35.60       1.76
                 3 -13.56          145          0.77           -0.09      15.70       0.78
                26 -19.90           49          0.60           -0.41      46.24       2.29
                13 -19.98          210          0.97           -0.10     108.93       5.28
                10 -22.46           46          0.18           -0.49      25.21       1.26
                18 -24.48          215          0.96           -0.11     103.05       5.05
                25 -25.52           49          0.53           -0.52      46.62       2.32
                 9 -25.63           47          0.60           -0.55      56.26       2.79
                22 -27.93          207          0.95           -0.13     105.01       5.12
                17 -29.98          222          0.95           -0.14     116.46       5.68
                14 -34.09          219          0.94           -0.16     114.94       5.62
                21 -46.03          220          0.93           -0.21     142.32       6.92
                 7 -46.77          255          0.86           -0.18      84.39       4.17
                27 -48.04           48          0.46           -1.00      69.79       3.47
                 2 -65.57          212          0.89           -0.31     136.98       6.63
                24 -71.05           63          0.60           -1.13     129.53       6.31
