


                                           Optimization Report
                                      EA31337-Lite-Backtest-v1.069
                                      Tripleafx-FX-Demo (Build 971)

     Symbol          EURUSD (Euro vs US Dollar)
     Period          30 Minutes (M30) 2014.01.06 00:00 - 2014.12.29 23:30 (2014.01.01 - 2014.12.30)
     Model           Every tick (the most precise method based on all available least timeframes)
     Initial deposit 2000.00
     Spread          10
                                          [Optimization Graph]
              Pass Profit Total trades Profit factor Expected Payoff Drawdown $ Drawdown %
                26 102.62          191          1.18            0.54     113.99       5.21
                 6 102.62          191          1.18            0.54     113.99       5.21
                38  98.28          190          1.17            0.52     113.99       5.22
                36  98.28          190          1.17            0.52     113.99       5.22
                16  98.28          190          1.17            0.52     113.99       5.22
                32  84.26          182          1.15            0.46     120.57       5.54
                10  84.26          182          1.15            0.46     120.57       5.54
                42  79.91          181          1.14            0.44     120.57       5.55
                22  79.91          181          1.14            0.44     120.57       5.55
                20  79.91          181          1.14            0.44     120.57       5.55
                 4  69.06           15          9.74            4.60      21.80       1.07
                24  66.95          203          1.10            0.33     124.61       5.76
                 2  66.95          203          1.10            0.33     124.61       5.76
                34  62.61          202          1.10            0.31     124.61       5.77
                14  62.61          202          1.10            0.31     124.61       5.77
                30  48.59          194          1.08            0.25     120.93       5.64
                28  48.59          194          1.08            0.25     120.93       5.64
                 8  47.14          195          1.08            0.24     120.93       5.65
                40  44.25          193          1.07            0.23     120.93       5.66
                18  44.25          193          1.07            0.23     120.93       5.66
                12  42.41          204          1.06            0.21     143.73       6.66
                 9  18.82           14          1.50            1.34      18.66       0.93
                43  -4.56           12          0.88           -0.38      26.86       1.33
                41  -4.56           12          0.88           -0.38      26.86       1.33
                37  -4.56           12          0.88           -0.38      26.86       1.33
                31  -4.56           12          0.88           -0.38      26.86       1.33
                27  -4.56           12          0.88           -0.38      26.86       1.33
                25  -4.56           12          0.88           -0.38      26.86       1.33
                21  -4.56           12          0.88           -0.38      26.86       1.33
                15  -4.56           12          0.88           -0.38      26.86       1.33
                11  -4.56           12          0.88           -0.38      26.86       1.33
                 5  -4.56           12          0.88           -0.38      26.86       1.33
                 1 -43.16           17          0.30           -2.54      74.39       3.67
                39 -93.73           16          0.01           -5.86     105.35       5.25
                35 -93.73           16          0.01           -5.86     105.35       5.25
                33 -93.73           16          0.01           -5.86     105.35       5.25
                29 -93.73           16          0.01           -5.86     105.35       5.25
                23 -93.73           16          0.01           -5.86     105.35       5.25
                19 -93.73           16          0.01           -5.86     105.35       5.25
                17 -93.73           16          0.01           -5.86     105.35       5.25
                13 -93.73           16          0.01           -5.86     105.35       5.25
                 7 -93.73           16          0.01           -5.86     105.35       5.25
                 3 -93.73           16          0.01           -5.86     105.35       5.25
