


                                           Optimization Report
                                      EA31337-Lite-Backtest-v1.070
                                      Tripleafx-FX-Demo (Build 971)

     Symbol          EURUSD (Euro vs US Dollar)
     Period          15 Minutes (M15) 2014.01.02 23:00 - 2014.12.29 23:45 (2014.01.01 - 2014.12.30)
     Model           Every tick (the most precise method based on all available least timeframes)
     Initial deposit 2000.00
     Spread          10
                                          [Optimization Graph]
              Pass Profit Total trades Profit factor Expected Payoff Drawdown $ Drawdown %
                49  -1.33           11          0.76           -0.12       8.14       0.41
                32  -2.06           11          0.83           -0.19      15.15       0.76
                31  -2.06           11          0.83           -0.19      15.15       0.76
                28  -2.06           11          0.83           -0.19      15.15       0.76
                27  -2.06           11          0.83           -0.19      15.15       0.76
                24  -2.06           11          0.83           -0.19      15.15       0.76
                23  -2.06           11          0.83           -0.19      15.15       0.76
                20  -2.06           11          0.83           -0.19      15.15       0.76
                19  -2.06           11          0.83           -0.19      15.15       0.76
                62  -2.90           12          0.80           -0.24      16.40       0.82
                58  -2.90           12          0.80           -0.24      16.40       0.82
                64  -3.05           11          0.68           -0.28      14.28       0.71
                63  -3.05           11          0.68           -0.28      14.28       0.71
                60  -3.05           11          0.68           -0.28      14.28       0.71
                59  -3.05           11          0.68           -0.28      14.28       0.71
                56  -3.05           11          0.68           -0.28      14.28       0.71
                55  -3.05           11          0.68           -0.28      14.28       0.71
                52  -3.05           11          0.68           -0.28      14.28       0.71
                51  -3.05           11          0.68           -0.28      14.28       0.71
                 9  -3.70           11          0.55           -0.34       8.08       0.40
                11  -3.75           11          0.44           -0.34       6.15       0.31
                 3  -3.98           13          0.64           -0.31       7.69       0.38
                35  -4.36           11          0.58           -0.40      14.15       0.70
                37  -4.44           11          0.31           -0.40       9.46       0.47
                45  -6.09           11          0.63           -0.55      19.60       0.97
                43  -6.30           11          0.35           -0.57      12.24       0.61
                 1  -6.79           12          0.39           -0.57      10.69       0.53
                41  -6.82           14          0.61           -0.49      21.26       1.06
                17  -7.23           11          0.13           -0.66       8.59       0.43
                22  -7.76           13          0.16           -0.60       8.97       0.45
                18  -7.76           13          0.16           -0.60       8.97       0.45
                 6  -7.76           13          0.16           -0.60       8.97       0.45
                 2  -7.76           13          0.16           -0.60       8.97       0.45
                47  -7.97           11          0.28           -0.72      10.93       0.55
                39  -7.97           11          0.28           -0.72      10.93       0.55
                46  -8.13           11          0.47           -0.74      18.57       0.93
                42  -8.13           11          0.47           -0.74      18.57       0.93
                21  -8.83           14          0.14           -0.63      10.04       0.50
                29  -9.01           11          0.54           -0.82      17.97       0.89
                25  -9.01           11          0.54           -0.82      17.97       0.89
                33  -9.07           14          0.35           -0.65      16.37       0.82
                 5  -9.25           11          0.13           -0.84       9.89       0.49
                53  -9.90           17          0.54           -0.58      18.40       0.92
                13 -11.74           16          0.50           -0.73      19.60       0.98
                48 -11.89           11          0.35           -1.08      12.17       0.61
                44 -11.89           11          0.35           -1.08      12.17       0.61
                40 -11.89           11          0.35           -1.08      12.17       0.61
                36 -11.89           11          0.35           -1.08      12.17       0.61
                15 -11.98           11          0.24           -1.09      16.58       0.83
                 7 -11.98           11          0.24           -1.09      16.58       0.83
                16 -14.36           11          0.31           -1.31      14.64       0.73
                12 -14.36           11          0.31           -1.31      14.64       0.73
                 8 -14.36           11          0.31           -1.31      14.64       0.73
                 4 -14.36           11          0.31           -1.31      14.64       0.73
                54 -14.43           12          0.16           -1.20      16.48       0.82
                50 -14.43           12          0.16           -1.20      16.48       0.82
                30 -15.56           11          0.25           -1.41      20.02       1.00
                26 -15.56           11          0.25           -1.41      20.02       1.00
                38 -15.67           13          0.15           -1.21      18.65       0.93
                34 -15.67           13          0.15           -1.21      18.65       0.93
                61 -16.64           85          0.82           -0.20      60.63       2.97
                57 -16.64           85          0.82           -0.20      60.63       2.97
                14 -19.67           11          0.10           -1.79      20.75       1.04
                10 -19.67           11          0.10           -1.79      20.75       1.04
