


                                           Optimization Report
                                      EA31337-Lite-Backtest-v1.070
                                      Tripleafx-FX-Demo (Build 971)

     Symbol          EURUSD (Euro vs US Dollar)
     Period          30 Minutes (M30) 2014.01.06 00:00 - 2014.12.29 23:30 (2014.01.01 - 2014.12.30)
     Model           Every tick (the most precise method based on all available least timeframes)
     Initial deposit 2000.00
     Spread          10
                                          [Optimization Graph]
              Pass Profit Total trades Profit factor Expected Payoff Drawdown $ Drawdown %
               108  -5.32           51          0.75           -0.10       9.31       0.46
                72  -5.32           51          0.75           -0.10       9.31       0.46
                36  -5.32           51          0.75           -0.10       9.31       0.46
                84  -5.50           49          0.74           -0.11       9.92       0.49
                48  -5.50           49          0.74           -0.11       9.92       0.49
                12  -5.50           49          0.74           -0.11       9.92       0.49
                83  -5.60           49          0.73           -0.11      10.86       0.54
                47  -5.60           49          0.73           -0.11      10.86       0.54
                11  -5.60           49          0.73           -0.11      10.86       0.54
                82  -5.70           48          0.73           -0.12      11.08       0.55
                46  -5.70           48          0.73           -0.12      11.08       0.55
                10  -5.70           48          0.73           -0.12      11.08       0.55
                75  -6.07           47          0.70           -0.13       9.80       0.49
                39  -6.07           47          0.70           -0.13       9.80       0.49
                 3  -6.07           47          0.70           -0.13       9.80       0.49
                74  -6.17           47          0.70           -0.13      10.48       0.52
                38  -6.17           47          0.70           -0.13      10.48       0.52
                 2  -6.17           47          0.70           -0.13      10.48       0.52
                73  -6.90           47          0.67           -0.15      10.70       0.53
                37  -6.90           47          0.67           -0.15      10.70       0.53
                 1  -6.90           47          0.67           -0.15      10.70       0.53
               106  -6.97           70          0.77           -0.10      10.46       0.52
                70  -6.97           70          0.77           -0.10      10.46       0.52
                34  -6.97           70          0.77           -0.10      10.46       0.52
                78  -7.08           45          0.66           -0.16      10.52       0.53
                42  -7.08           45          0.66           -0.16      10.52       0.53
                 6  -7.08           45          0.66           -0.16      10.52       0.53
               104  -7.84           47          0.60           -0.17      11.19       0.56
                68  -7.84           47          0.60           -0.17      11.19       0.56
                32  -7.84           47          0.60           -0.17      11.19       0.56
                97  -8.19           63          0.71           -0.13      10.39       0.52
                61  -8.19           63          0.71           -0.13      10.39       0.52
                25  -8.19           63          0.71           -0.13      10.39       0.52
                77  -8.42           46          0.61           -0.18      11.46       0.57
                41  -8.42           46          0.61           -0.18      11.46       0.57
                 5  -8.42           46          0.61           -0.18      11.46       0.57
                98  -8.59           65          0.71           -0.13      10.45       0.52
                62  -8.59           65          0.71           -0.13      10.45       0.52
                26  -8.59           65          0.71           -0.13      10.45       0.52
               105  -8.81           47          0.58           -0.19      11.55       0.58
                69  -8.81           47          0.58           -0.19      11.55       0.58
                33  -8.81           47          0.58           -0.19      11.55       0.58
               107  -9.31           73          0.72           -0.13      12.92       0.64
                71  -9.31           73          0.72           -0.13      12.92       0.64
                35  -9.31           73          0.72           -0.13      12.92       0.64
               103  -9.49           47          0.57           -0.20       9.79       0.49
                67  -9.49           47          0.57           -0.20       9.79       0.49
                31  -9.49           47          0.57           -0.20       9.79       0.49
                76  -9.58           47          0.56           -0.20      11.91       0.60
                40  -9.58           47          0.56           -0.20      11.91       0.60
                 4  -9.58           47          0.56           -0.20      11.91       0.60
                99 -10.87           68          0.66           -0.16      12.60       0.63
                63 -10.87           68          0.66           -0.16      12.60       0.63
                27 -10.87           68          0.66           -0.16      12.60       0.63
                81 -11.33           50          0.51           -0.23      12.87       0.64
                45 -11.33           50          0.51           -0.23      12.87       0.64
                 9 -11.33           50          0.51           -0.23      12.87       0.64
                93 -11.62           52          0.55           -0.22      14.26       0.71
                57 -11.62           52          0.55           -0.22      14.26       0.71
                21 -11.62           52          0.55           -0.22      14.26       0.71
               102 -11.84           49          0.50           -0.24      13.47       0.67
                66 -11.84           49          0.50           -0.24      13.47       0.67
                30 -11.84           49          0.50           -0.24      13.47       0.67
                92 -11.84           52          0.55           -0.23      14.48       0.72
                87 -11.84           52          0.55           -0.23      14.48       0.72
                56 -11.84           52          0.55           -0.23      14.48       0.72
                51 -11.84           52          0.55           -0.23      14.48       0.72
                20 -11.84           52          0.55           -0.23      14.48       0.72
                15 -11.84           52          0.55           -0.23      14.48       0.72
               100 -11.90           47          0.48           -0.25      13.66       0.68
                64 -11.90           47          0.48           -0.25      13.66       0.68
                28 -11.90           47          0.48           -0.25      13.66       0.68
               101 -12.06           49          0.49           -0.25      13.47       0.67
                65 -12.06           49          0.49           -0.25      13.47       0.67
                29 -12.06           49          0.49           -0.25      13.47       0.67
                91 -12.17           51          0.52           -0.24      13.83       0.69
                86 -12.17           51          0.52           -0.24      13.83       0.69
                55 -12.17           51          0.52           -0.24      13.83       0.69
                50 -12.17           51          0.52           -0.24      13.83       0.69
                19 -12.17           51          0.52           -0.24      13.83       0.69
                14 -12.17           51          0.52           -0.24      13.83       0.69
                79 -12.72           48          0.49           -0.26      15.36       0.77
                43 -12.72           48          0.49           -0.26      15.36       0.77
                 7 -12.72           48          0.49           -0.26      15.36       0.77
                80 -13.21           51          0.48           -0.26      15.27       0.76
                44 -13.21           51          0.48           -0.26      15.27       0.76
                 8 -13.21           51          0.48           -0.26      15.27       0.76
                85 -13.63           53          0.48           -0.26      15.05       0.75
                49 -13.63           53          0.48           -0.26      15.05       0.75
                13 -13.63           53          0.48           -0.26      15.05       0.75
                88 -14.42           48          0.42           -0.30      15.43       0.77
                52 -14.42           48          0.42           -0.30      15.43       0.77
                16 -14.42           48          0.42           -0.30      15.43       0.77
                95 -15.35           52          0.39           -0.30      16.63       0.83
                90 -15.35           52          0.39           -0.30      16.63       0.83
                59 -15.35           52          0.39           -0.30      16.63       0.83
                54 -15.35           52          0.39           -0.30      16.63       0.83
                23 -15.35           52          0.39           -0.30      16.63       0.83
                18 -15.35           52          0.39           -0.30      16.63       0.83
                94 -15.40           51          0.40           -0.30      16.16       0.81
                89 -15.40           51          0.40           -0.30      16.16       0.81
                58 -15.40           51          0.40           -0.30      16.16       0.81
                53 -15.40           51          0.40           -0.30      16.16       0.81
                22 -15.40           51          0.40           -0.30      16.16       0.81
                17 -15.40           51          0.40           -0.30      16.16       0.81
                96 -16.27           51          0.39           -0.32      17.84       0.89
                60 -16.27           51          0.39           -0.32      17.84       0.89
                24 -16.27           51          0.39           -0.32      17.84       0.89
