


                                           Optimization Report
                                      EA31337-Lite-Backtest-v1.070
                                      Tripleafx-FX-Demo (Build 971)

      Symbol          EURUSD (Euro vs US Dollar)
      Period          1 Minute (M1) 2014.01.01 23:41 - 2014.12.29 23:59 (2014.01.01 - 2014.12.30)
      Model           Every tick (the most precise method based on all available least timeframes)
      Initial deposit 2000.00
      Spread          10
                                          [Optimization Graph]
              Pass Profit Total trades Profit factor Expected Payoff Drawdown $ Drawdown %
                41  39.68           15          1.92            2.65      16.10       0.79
                33  36.41          177          1.06            0.21      88.62       4.26
                28  10.74           84          1.04            0.13      72.15       3.52
                30  -4.69           11          0.87           -0.43      35.66       1.78
                42  -8.15           16          0.83           -0.51      35.45       1.75
                39  -8.15           16          0.83           -0.51      35.45       1.75
                34  -8.15           16          0.83           -0.51      35.45       1.75
                43 -11.26           15          0.76           -0.75      35.45       1.75
                38 -11.26           15          0.76           -0.75      35.45       1.75
                35 -11.26           15          0.76           -0.75      35.45       1.75
                24 -15.73           40          0.87           -0.39      82.60       4.00
                 9 -16.33           22          0.78           -0.74      52.86       2.60
                29 -17.60           48          0.88           -0.37      89.08       4.30
                32 -18.24           11          0.58           -1.66      35.66       1.78
                31 -18.24           11          0.58           -1.66      35.66       1.78
                 5 -18.65           25          0.79           -0.75      76.91       3.74
                 4 -18.65           25          0.79           -0.75      76.91       3.74
                 1 -18.65           25          0.79           -0.75      76.91       3.74
                23 -19.41           40          0.85           -0.49      92.00       4.44
                26 -23.22           36          0.80           -0.65      78.57       3.83
                40 -25.90           40          0.83           -0.65      77.29       3.77
                27 -26.33           35          0.78           -0.75      78.57       3.83
                 8 -29.24           23          0.66           -1.27      66.83       3.28
                 7 -29.89           23          0.65           -1.30      66.83       3.28
                11 -30.18           23          0.64           -1.31      66.83       3.28
                10 -30.18           23          0.64           -1.31      66.83       3.28
                 2 -33.14           26          0.67           -1.27      88.99       4.34
                 6 -33.43           26          0.66           -1.29      88.99       4.34
                 3 -33.43           26          0.66           -1.29      88.99       4.34
                25 -35.24           76          0.86           -0.46     131.79       6.29
                36 -38.32           48          0.80           -0.80     101.05       4.90
                18 -41.63           15          0.35           -2.78      49.12       2.45
                22 -51.33           12          0.22           -4.28      61.60       3.08
                19 -51.53           13          0.25           -3.96      61.79       3.09
                14 -51.53           13          0.25           -3.96      61.79       3.09
                13 -51.81           17          0.30           -3.05      53.13       2.66
                21 -53.06           15          0.24           -3.54      54.44       2.72
                16 -53.12           15          0.24           -3.54      54.50       2.72
                17 -58.30           20          0.36           -2.91      59.47       2.97
                15 -59.02           14          0.18           -4.22      59.81       2.99
                12 -59.08           18          0.29           -3.28      66.11       3.29
                20 -62.97           18          0.26           -3.50      66.11       3.30
                37 -73.13           77          0.78           -0.95     145.09       7.01
