


                                           Optimization Report
                                      EA31337-Lite-Backtest-v1.069
                                      Tripleafx-FX-Demo (Build 971)

     Symbol          EURUSD (Euro vs US Dollar)
     Period          15 Minutes (M15) 2014.01.02 23:00 - 2014.12.29 23:45 (2014.01.01 - 2014.12.30)
     Model           Every tick (the most precise method based on all available least timeframes)
     Initial deposit 2000.00
     Spread          10
                                          [Optimization Graph]
              Pass Profit Total trades Profit factor Expected Payoff Drawdown $ Drawdown %
                38 107.84          218          1.17            0.49     106.56       5.12
                36 107.84          218          1.17            0.49     106.56       5.12
                26 107.84          218          1.17            0.49     106.56       5.12
                16 107.84          218          1.17            0.49     106.56       5.12
                 6 107.84          218          1.17            0.49     106.56       5.12
                12  98.52          231          1.14            0.43     116.75       5.64
                 8  74.58          225          1.11            0.33      96.20       4.64
                42  72.31          214          1.12            0.34      97.75       4.70
                32  72.31          214          1.12            0.34      97.75       4.70
                22  72.31          214          1.12            0.34      97.75       4.70
                20  72.31          214          1.12            0.34      97.75       4.70
                10  72.31          214          1.12            0.34      97.75       4.70
                24  55.21          227          1.08            0.24     109.42       5.29
                 2  55.21          227          1.08            0.24     109.42       5.29
                30  41.23          224          1.06            0.18     108.87       5.25
                28  41.23          224          1.06            0.18     108.87       5.25
                 4  39.07           12          8.13            3.26      10.90       0.54
                40  30.24          224          1.04            0.13     119.86       5.78
                18  30.24          224          1.04            0.13     119.86       5.78
                 9 -10.36           13          0.77           -0.80      33.85       1.67
                39 -15.79           12          0.53           -1.32      35.21       1.75
                35 -15.79           12          0.53           -1.32      35.21       1.75
                33 -15.79           12          0.53           -1.32      35.21       1.75
                29 -15.79           12          0.53           -1.32      35.21       1.75
                23 -15.79           12          0.53           -1.32      35.21       1.75
                19 -15.79           12          0.53           -1.32      35.21       1.75
                17 -15.79           12          0.53           -1.32      35.21       1.75
                13 -15.79           12          0.53           -1.32      35.21       1.75
                 7 -15.79           12          0.53           -1.32      35.21       1.75
                 3 -15.79           12          0.53           -1.32      35.21       1.75
                43 -35.18           12          0.35           -2.93      49.39       2.46
                41 -35.18           12          0.35           -2.93      49.39       2.46
                37 -35.18           12          0.35           -2.93      49.39       2.46
                31 -35.18           12          0.35           -2.93      49.39       2.46
                27 -35.18           12          0.35           -2.93      49.39       2.46
                25 -35.18           12          0.35           -2.93      49.39       2.46
                21 -35.18           12          0.35           -2.93      49.39       2.46
                15 -35.18           12          0.35           -2.93      49.39       2.46
                11 -35.18           12          0.35           -2.93      49.39       2.46
                 5 -35.18           12          0.35           -2.93      49.39       2.46
                34 -44.71          149          0.90           -0.30     121.42       5.87
                14 -44.71          149          0.90           -0.30     121.42       5.87
                 1 -81.09           16          0.07           -5.07      88.24       4.40
