


                                           Optimization Report
                                      EA31337-Lite-Backtest-v1.069
                                      Tripleafx-FX-Demo (Build 971)

     Symbol          EURUSD (Euro vs US Dollar)
     Period          30 Minutes (M30) 2015.01.06 00:00 - 2015.12.29 23:30 (2015.01.01 - 2015.12.30)
     Model           Every tick (the most precise method based on all available least timeframes)
     Initial deposit 2000.00
     Spread          10
                                          [Optimization Graph]
              Pass  Profit Total trades Profit factor Expected Payoff Drawdown $ Drawdown %
                 9  261.69           43          2.18            6.09     127.78       5.67
                13  258.09           42          2.16            6.14     127.78       5.68
                15  232.69           35          2.15            6.65     114.40       5.65
                11  232.69           35          2.15            6.65     114.40       5.65
                31  160.02           29          1.83            5.52      94.55       4.67
                29  160.02           29          1.83            5.52      94.55       4.67
                27  160.02           29          1.83            5.52      94.55       4.67
                25  160.02           29          1.83            5.52      94.55       4.67
                 7  158.00           41          1.58            3.85     150.02       7.40
                23  138.56           36          1.52            3.85     136.17       6.74
                21  138.56           36          1.52            3.85     136.17       6.74
                 5  138.31           42          1.47            3.29     150.02       7.40
                10   75.60           38          1.34            1.99     213.93       9.94
                14   72.00           37          1.32            1.95     213.93       9.95
                16   46.60           30          1.23            1.55     166.23       7.77
                12   46.60           30          1.23            1.55     166.23       7.77
                64    0.00            0          0.00            0.00       0.00       0.00
                63    0.00            0          0.00            0.00       0.00       0.00
                62    0.00            0          0.00            0.00       0.00       0.00
                61    0.00            0          0.00            0.00       0.00       0.00
                60    0.00            0          0.00            0.00       0.00       0.00
                59    0.00            0          0.00            0.00       0.00       0.00
                58    0.00            0          0.00            0.00       0.00       0.00
                57    0.00            0          0.00            0.00       0.00       0.00
                48    0.00            0          0.00            0.00       0.00       0.00
                47    0.00            0          0.00            0.00       0.00       0.00
                46    0.00            0          0.00            0.00       0.00       0.00
                45    0.00            0          0.00            0.00       0.00       0.00
                44    0.00            0          0.00            0.00       0.00       0.00
                43    0.00            0          0.00            0.00       0.00       0.00
                42    0.00            0          0.00            0.00       0.00       0.00
                41    0.00            0          0.00            0.00       0.00       0.00
                 8  -24.68           35          0.91           -0.71     190.80       9.05
                 6  -44.37           36          0.85           -1.23     208.66       9.90
                55  -63.81           15          0.55           -4.25     145.50       6.99
                53  -63.81           15          0.55           -4.25     145.50       6.99
                39  -63.81           15          0.55           -4.25     145.50       6.99
                37  -63.81           15          0.55           -4.25     145.50       6.99
                56  -66.30           12          0.48           -5.52     145.50       7.00
                54  -66.30           12          0.48           -5.52     145.50       7.00
                40  -66.30           12          0.48           -5.52     145.50       7.00
                38  -66.30           12          0.48           -5.52     145.50       7.00
                19  -72.54           20          0.51           -3.63     238.83      11.78
                17  -72.54           20          0.51           -3.63     238.83      11.78
                20  -85.58           19          0.42           -4.50     238.83      11.78
                18  -85.58           19          0.42           -4.50     238.83      11.78
                 4  -98.00           25          0.51           -3.92     302.47      14.79
                 3  -98.00           25          0.51           -3.92     302.47      14.79
                 2  -99.36           26          0.50           -3.82     310.05      15.14
                 1  -99.36           26          0.50           -3.82     310.05      15.14
                52 -106.18           11          0.00           -9.65     118.28       5.89
                50 -106.18           11          0.00           -9.65     118.28       5.89
                36 -106.18           11          0.00           -9.65     118.28       5.89
                34 -106.18           11          0.00           -9.65     118.28       5.89
                51 -120.34           12          0.00          -10.03     132.44       6.60
                49 -120.34           12          0.00          -10.03     132.44       6.60
                35 -120.34           12          0.00          -10.03     132.44       6.60
                33 -120.34           12          0.00          -10.03     132.44       6.60
                32 -138.37           21          0.28           -6.59     202.66      10.04
                30 -138.37           21          0.28           -6.59     202.66      10.04
                28 -138.37           21          0.28           -6.59     202.66      10.04
                26 -138.37           21          0.28           -6.59     202.66      10.04
                24 -153.71           25          0.41           -6.15     194.87       9.61
                22 -153.71           25          0.41           -6.15     194.87       9.61
