


                                           Optimization Report
                                      EA31337-Lite-Backtest-v1.070
                                      Tripleafx-FX-Demo (Build 971)

     Symbol          EURUSD (Euro vs US Dollar)
     Period          30 Minutes (M30) 2014.01.06 00:00 - 2014.12.29 23:30 (2014.01.01 - 2014.12.30)
     Model           Every tick (the most precise method based on all available least timeframes)
     Initial deposit 2000.00
     Spread          10
                                          [Optimization Graph]
              Pass Profit Total trades Profit factor Expected Payoff Drawdown $ Drawdown %
                22  83.47           57          1.62            1.46      68.61       3.24
                 2  77.51           61          1.54            1.27      84.75       3.98
                13  75.04           61          1.51            1.23      86.61       4.07
                17  74.02           55          1.57            1.35      69.61       3.29
                14  73.64           55          1.57            1.34      69.78       3.30
                21  45.45          126          1.14            0.36      92.82       4.36
                18  32.27          129          1.10            0.25     105.98       4.98
                 8   1.21           52          1.01            0.02      57.00       2.81
                 1   1.21           52          1.01            0.02      57.00       2.81
                 9  -0.19           61          1.00           -0.00      67.19       3.30
                 4  -6.41           57          0.78           -0.11      12.28       0.61
                 3 -12.81           60          0.57           -0.21      22.58       1.12
                 5 -16.87           47          0.51           -0.36      20.73       1.03
                26 -18.75           46          0.58           -0.41      29.87       1.49
                25 -21.54           46          0.52           -0.47      30.45       1.52
                10 -21.68           70          0.56           -0.31      34.86       1.73
                20 -25.09           44          0.56           -0.57      40.24       2.01
                12 -26.62           44          0.41           -0.61      37.37       1.87
                15 -28.00           44          0.43           -0.64      37.08       1.85
                19 -30.41           44          0.46           -0.69      42.05       2.10
                11 -32.62           44          0.27           -0.74      42.10       2.10
                 6 -32.68           45          0.39           -0.73      39.39       1.97
                16 -33.07           44          0.35           -0.75      37.93       1.89
                27 -38.72           55          0.46           -0.70      68.90       3.41
                23 -41.45           45          0.37           -0.92      53.83       2.69
                 7 -44.30           46          0.40           -0.96      60.33       3.02
                24 -45.03          103          0.77           -0.44     105.33       5.15
