


                                           Optimization Report
                                      EA31337-Lite-Backtest-v1.069
                                      Tripleafx-FX-Demo (Build 971)

     Symbol          EURUSD (Euro vs US Dollar)
     Period          30 Minutes (M30) 2014.01.06 00:00 - 2014.12.29 23:30 (2014.01.01 - 2014.12.30)
     Model           Every tick (the most precise method based on all available least timeframes)
     Initial deposit 2000.00
     Spread          10
                                          [Optimization Graph]
              Pass Profit Total trades Profit factor Expected Payoff Drawdown $ Drawdown %
                 5 351.21          519          1.24            0.68     245.04       9.74
                13  -8.45           15          0.74           -0.56      33.17       1.64
                23 -12.48           15          0.73           -0.83      49.37       2.46
                16 -12.79           14          0.74           -0.91      33.68       1.68
                 8 -12.79           14          0.74           -0.91      33.68       1.68
                30 -15.06           11          0.63           -1.37      27.02       1.34
                22 -15.06           11          0.63           -1.37      27.02       1.34
                31 -21.95           15          0.58           -1.46      46.68       2.32
                15 -26.91           12          0.26           -2.24      48.05       2.39
                 7 -26.91           12          0.26           -2.24      48.05       2.39
                 6 -31.71           15          0.48           -2.11      37.11       1.85
                 2 -32.57           17          0.54           -1.92      41.84       2.09
                12 -32.94           12          0.34           -2.74      43.19       2.16
                 4 -32.94           12          0.34           -2.74      43.19       2.16
                32 -33.01           11          0.19           -3.00      35.57       1.78
                24 -33.01           11          0.19           -3.00      35.57       1.78
                 9 -33.56           16          0.37           -2.10      64.44       3.19
                27 -36.16           15          0.37           -2.41      68.90       3.42
                25 -37.40           14          0.34           -2.67      62.59       3.11
                 3 -38.07           15          0.32           -2.54      61.14       3.03
                11 -38.93           15          0.30           -2.60      61.82       3.07
                 1 -39.07           16          0.32           -2.44      70.98       3.50
                17 -39.08           16          0.31           -2.44      62.46       3.10
                19 -39.81           16          0.31           -2.49      62.87       3.12
                26 -41.78           11          0.40           -3.80      44.64       2.23
                18 -41.78           11          0.40           -3.80      44.64       2.23
                14 -47.62           14          0.28           -3.40      57.89       2.89
                10 -49.08           16          0.35           -3.07      62.89       3.14
                28 -49.50           12          0.29           -4.12      59.83       2.99
                20 -49.50           12          0.29           -4.12      59.83       2.99
                29 -52.29          144          0.88           -0.36     176.44       8.39
                21 -57.95          157          0.87           -0.37     176.33       8.40
