


                                           Optimization Report
                                      EA31337-Lite-Backtest-v1.070
                                      Tripleafx-FX-Demo (Build 971)

      Symbol          EURUSD (Euro vs US Dollar)
      Period          1 Minute (M1) 2014.01.01 23:41 - 2014.12.29 23:59 (2014.01.01 - 2014.12.30)
      Model           Every tick (the most precise method based on all available least timeframes)
      Initial deposit 2000.00
      Spread          10
                                          [Optimization Graph]
              Pass Profit Total trades Profit factor Expected Payoff Drawdown $ Drawdown %
                 6  63.32          307          1.06            0.21     170.62       8.07
                 1  51.41           15          2.98            3.43      48.15       2.30
                32  46.22           12          5.18            3.85      16.22       0.79
                24  46.22           12          5.18            3.85      16.22       0.79
                16  35.60          102          1.11            0.35     107.22       5.03
                 8  35.60          102          1.11            0.35     107.22       5.03
                22  35.54           52          1.25            0.68      40.19       1.96
                30  32.45           51          1.22            0.64      40.19       1.96
                10  -0.98           34          0.99           -0.03      49.56       2.42
                 2  -4.45           34          0.97           -0.13      54.74       2.67
                28 -12.72           30          0.89           -0.42      67.66       3.30
                14 -15.77          263          0.98           -0.06     165.52       7.98
                27 -30.27           24          0.67           -1.26      88.05       4.29
                25 -30.27           24          0.67           -1.26      88.05       4.29
                19 -30.27           24          0.67           -1.26      88.05       4.29
                17 -30.27           24          0.67           -1.26      88.05       4.29
                11 -30.27           24          0.67           -1.26      88.05       4.29
                 9 -30.27           24          0.67           -1.26      88.05       4.29
                 3 -30.27           24          0.67           -1.26      88.05       4.29
                 5 -30.51           14          0.53           -2.18      59.60       2.97
                 4 -30.92           42          0.82           -0.74      88.93       4.32
                12 -31.62           41          0.81           -0.77      89.64       4.36
                15 -39.28           18          0.53           -2.18      42.72       2.13
                 7 -39.28           18          0.53           -2.18      42.72       2.13
                26 -63.35          208          0.91           -0.30     182.10       8.70
                31 -66.10           17          0.28           -3.89      67.22       3.36
                23 -66.10           17          0.28           -3.89      67.22       3.36
                13 -69.89           13          0.16           -5.38      87.02       4.35
                29 -72.10           13          0.17           -5.55      80.28       4.01
                20 -78.86          200          0.88           -0.39     164.07       7.90
                18 -80.18          214          0.89           -0.37     179.01       8.54
                21 -83.09           13          0.10           -6.39      93.56       4.68
