


                                           Optimization Report
                                      EA31337-Lite-Backtest-v1.069
                                      Tripleafx-FX-Demo (Build 971)

      Symbol          EURUSD (Euro vs US Dollar)
      Period          5 Minutes (M5) 2015.01.02 06:20 - 2015.12.29 23:55 (2015.01.01 - 2015.12.30)
      Model           Every tick (the most precise method based on all available least timeframes)
      Initial deposit 2000.00
      Spread          10
                                          [Optimization Graph]
              Pass  Profit Total trades Profit factor Expected Payoff Drawdown $ Drawdown %
                17 1259.43         1200          1.23            1.05    1093.57      27.27
                25 1170.35         1197          1.21            0.98    1254.97      30.85
                 9 1143.64         1225          1.20            0.93    1222.74      30.62
                 3 1110.14         1204          1.20            0.92    1325.18      32.14
                19 1103.93         1194          1.20            0.92    1299.31      31.59
                27 1067.57         1195          1.19            0.89    1336.53      32.50
                11 1058.20         1204          1.19            0.88    1361.17      33.15
                 1  403.09           84          2.01            4.80     366.03      14.35
                 2  354.27          818          1.09            0.43     386.14      15.98
                16  106.62          184          1.13            0.58     223.66       9.63
                26   55.40           15          3.73            3.69      56.78       2.70
                18   55.40           15          3.73            3.69      56.78       2.70
                 4   52.17           13          4.33            4.01      47.69       2.28
                10   51.83           23          1.53            2.25     120.70       5.77
                12   45.03           13          3.56            3.46      54.93       2.62
                14   45.00           16          1.60            2.81      67.47       3.28
                28   43.37           20          1.56            2.17     112.19       5.36
                20   43.37           20          1.56            2.17     112.19       5.36
                 8   14.83          191          1.02            0.08     231.63      10.35
                22  -12.20           17          0.86           -0.72      55.72       2.73
                32  -12.54           14          0.82           -0.90      44.36       2.18
                30  -13.59           17          0.84           -0.80      57.10       2.79
                24  -14.80           13          0.79           -1.14      45.29       2.23
                 6  -32.11           15          0.56           -2.14      51.80       2.59
                 7  -51.23           17          0.46           -3.01      56.08       2.80
                23  -51.25           17          0.46           -3.01      56.10       2.80
                31  -58.94           18          0.43           -3.27      68.22       3.41
                15  -59.60           18          0.43           -3.31      68.26       3.41
                21  -60.72           20          0.48           -3.04     111.84       5.59
                29  -83.69           19          0.33           -4.40     124.18       6.21
                13 -107.11           19          0.21           -5.64     153.26       7.66
                 5 -118.42           20          0.17           -5.92     173.13       8.65
