


                                           Optimization Report
                                      EA31337-Lite-Backtest-v1.070
                                      Tripleafx-FX-Demo (Build 971)

     Symbol          EURUSD (Euro vs US Dollar)
     Period          30 Minutes (M30) 2014.01.06 00:00 - 2014.12.29 23:30 (2014.01.01 - 2014.12.30)
     Model           Every tick (the most precise method based on all available least timeframes)
     Initial deposit 2000.00
     Spread          10
                                          [Optimization Graph]
              Pass Profit Total trades Profit factor Expected Payoff Drawdown $ Drawdown %
                24 -53.42           91          0.55           -0.59      66.26       3.30
                 4 -56.13          383          0.79           -0.15      69.09       3.43
                 8 -58.92          104          0.45           -0.57      73.82       3.67
                 3 -59.29           98          0.44           -0.60      67.00       3.34
                 5 -61.89          379          0.77           -0.16      72.35       3.60
                27 -63.95           91          0.41           -0.70      84.53       4.19
                26 -75.16          383          0.72           -0.20      87.66       4.36
                25 -77.33          383          0.72           -0.20      88.88       4.42
                15 -79.04          425          0.73           -0.19      92.28       4.59
                 6 -79.36          385          0.71           -0.21      92.18       4.58
                11 -81.58          439          0.73           -0.19      95.88       4.76
                 9 -82.23          420          0.73           -0.20      96.36       4.79
                22 -82.70          381          0.70           -0.22      92.48       4.60
                10 -82.73          704          0.82           -0.12      95.15       4.73
                 7 -84.23          422          0.72           -0.20      98.38       4.89
                20 -85.10          424          0.72           -0.20      97.50       4.85
                13 -85.66          425          0.72           -0.20      98.06       4.88
                19 -86.05          442          0.72           -0.19      98.45       4.90
                16 -86.50          425          0.71           -0.20      99.71       4.96
                12 -86.93          543          0.77           -0.16      99.10       4.92
                21 -87.71          384          0.69           -0.23      98.14       4.88
                17 -87.71          384          0.69           -0.23      98.14       4.88
                 2 -87.71          384          0.69           -0.23      98.14       4.88
                18 -88.01          424          0.71           -0.21     102.16       5.08
                14 -88.01          424          0.71           -0.21     102.16       5.08
                23 -89.14          504          0.77           -0.18     100.79       5.01
                 1 -91.04          385          0.68           -0.24     100.27       4.99
