


                                           Optimization Report
                                      EA31337-Lite-Backtest-v1.070
                                      Tripleafx-FX-Demo (Build 971)

     Symbol          EURUSD (Euro vs US Dollar)
     Period          30 Minutes (M30) 2014.01.06 00:00 - 2014.12.29 23:30 (2014.01.01 - 2014.12.30)
     Model           Every tick (the most precise method based on all available least timeframes)
     Initial deposit 2000.00
     Spread          10
                                          [Optimization Graph]
              Pass Profit Total trades Profit factor Expected Payoff Drawdown $ Drawdown %
                27  15.56          204          1.03            0.08     155.97       7.40
                19  -3.11          121          0.99           -0.03      77.15       3.72
                 1  -7.33          121          0.97           -0.06      86.26       4.15
                 9 -15.13          217          0.98           -0.07     176.98       8.43
                18 -16.91          204          0.97           -0.08     155.97       7.51
                26 -18.98          215          0.97           -0.09     146.83       6.99
                10 -23.93          135          0.93           -0.18      96.07       4.64
                20 -32.41          171          0.92           -0.19     165.33       7.75
                25 -33.97          205          0.94           -0.17     195.66       9.20
                 5 -42.81          143          0.89           -0.30     141.45       6.74
                14 -42.97          143          0.89           -0.30     141.61       6.75
                17 -43.14          223          0.93           -0.19     155.68       7.47
                21 -43.39          154          0.89           -0.28     154.68       7.33
                 7 -45.33          205          0.92           -0.22     174.80       8.23
                 6 -46.15          141          0.87           -0.33     152.37       7.24
                15 -46.31          141          0.87           -0.33     152.53       7.25
                11 -52.44          188          0.89           -0.28     148.23       7.07
                 2 -52.62          197          0.89           -0.27     187.60       8.79
                12 -53.02          172          0.88           -0.31     154.95       7.40
                16 -54.51          206          0.91           -0.26     176.15       8.32
                 4 -58.22          147          0.85           -0.40     156.06       7.44
                13 -58.38          147          0.85           -0.40     156.22       7.45
                 8 -64.04          222          0.91           -0.29     188.41       8.94
                 3 -64.78          187          0.86           -0.35     177.34       8.40
                24 -69.62          168          0.84           -0.41     173.69       8.26
                23 -74.49          169          0.84           -0.44     180.21       8.56
                22 -82.20          170          0.82           -0.48     187.12       8.89
