


                                           Optimization Report
                                      EA31337-Lite-Backtest-v1.070
                                      Tripleafx-FX-Demo (Build 971)

     Symbol          EURUSD (Euro vs US Dollar)
     Period          15 Minutes (M15) 2014.01.02 23:00 - 2014.12.29 23:45 (2014.01.01 - 2014.12.30)
     Model           Every tick (the most precise method based on all available least timeframes)
     Initial deposit 2000.00
     Spread          10
                                          [Optimization Graph]
              Pass Profit Total trades Profit factor Expected Payoff Drawdown $ Drawdown %
                26  -7.91           14          0.86           -0.57      21.03       1.05
                23  -7.91           14          0.86           -0.57      21.03       1.05
                41  -8.23           12          0.78           -0.69      15.75       0.79
                25  -9.53           15          0.81           -0.64      26.45       1.32
                33 -10.65           12          0.73           -0.89      15.75       0.79
                32 -14.94           15          0.75           -1.00      21.36       1.07
                28 -15.51           25          0.83           -0.62      39.28       1.94
                30 -16.89           13          0.70           -1.30      30.29       1.51
                24 -17.03           28          0.83           -0.61      44.39       2.19
                17 -17.42           16          0.66           -1.09      45.35       2.24
                27 -19.14           23          0.79           -0.83      44.61       2.20
                29 -20.56           13          0.66           -1.58      31.64       1.57
                31 -21.09           14          0.65           -1.51      34.90       1.74
                 9 -32.05           18          0.43           -1.78      52.00       2.58
                36 -35.47           11          0.31           -3.22      44.36       2.22
                20 -38.62           13          0.33           -2.97      60.20       2.99
                12 -38.62           13          0.33           -2.97      60.20       2.99
                 1 -39.80           16          0.40           -2.49      45.22       2.26
                40 -45.69           11          0.09           -4.15      50.00       2.50
                11 -45.69           14          0.24           -3.26      73.03       3.62
                 3 -45.91           19          0.34           -2.42      86.27       4.24
                 8 -45.93           16          0.32           -2.87      79.88       3.94
                15 -52.69           11          0.18           -4.79      69.27       3.44
                 5 -53.09           18          0.22           -2.95      88.01       4.34
                21 -54.11           13          0.13           -4.16      62.15       3.10
                 2 -55.57           16          0.21           -3.47      78.89       3.91
                 6 -55.67           17          0.20           -3.27      87.47       4.31
                10 -57.62           14          0.15           -4.12      72.11       3.59
                 7 -57.62           14          0.15           -4.12      72.11       3.59
                38 -58.61           11          0.06           -5.33      60.88       3.04
                35 -58.61           11          0.06           -5.33      60.88       3.04
                16 -59.05           12          0.05           -4.92      69.13       3.45
                43 -59.68           11          0.04           -5.43      64.25       3.21
                22 -61.00           14          0.19           -4.36      69.27       3.46
                18 -61.02           12          0.16           -5.08      79.14       3.93
                13 -61.60           14          0.12           -4.40      71.67       3.57
                 4 -66.34           16          0.16           -4.15      90.70       4.49
                19 -69.24           11          0.05           -6.29      79.14       3.95
                14 -69.24           11          0.05           -6.29      79.14       3.95
                37 -77.52           12          0.21           -6.46      88.88       4.42
                34 -80.49           12          0.04           -6.71      82.23       4.11
                42 -82.40           11          0.02           -7.49      84.14       4.20
                39 -82.40           11          0.02           -7.49      84.14       4.20
