


                                           Optimization Report
                                      EA31337-Lite-Backtest-v1.071
                                      Tripleafx-FX-Demo (Build 971)

      Symbol          EURUSD (Euro vs US Dollar)
      Period          1 Minute (M1) 2014.01.01 23:41 - 2014.12.29 23:59 (2014.01.01 - 2014.12.30)
      Model           Every tick (the most precise method based on all available least timeframes)
      Initial deposit 2000.00
      Spread          10
                                          [Optimization Graph]
              Pass Profit Total trades Profit factor Expected Payoff Drawdown $ Drawdown %
                37  42.32          728          1.10            0.06      46.83       2.29
                47   8.35           11          6.39            0.76       3.68       0.18
                39   8.35           11          6.39            0.76       3.68       0.18
                30   1.60           14          1.19            0.11       6.45       0.32
                26   1.60           14          1.19            0.11       6.45       0.32
                54  -0.66           11          0.89           -0.06       8.81       0.44
                50  -0.66           11          0.89           -0.06       8.81       0.44
                64  -0.86           11          0.89           -0.08       7.52       0.38
                63  -0.86           11          0.89           -0.08       7.52       0.38
                60  -0.86           11          0.89           -0.08       7.52       0.38
                59  -0.86           11          0.89           -0.08       7.52       0.38
                56  -0.86           11          0.89           -0.08       7.52       0.38
                55  -0.86           11          0.89           -0.08       7.52       0.38
                52  -0.86           11          0.89           -0.08       7.52       0.38
                51  -0.86           11          0.89           -0.08       7.52       0.38
                14  -0.98           11          0.84           -0.09       4.67       0.23
                10  -0.98           11          0.84           -0.09       4.67       0.23
                 6  -1.04           12          0.83           -0.09       5.33       0.27
                 2  -1.04           12          0.83           -0.09       5.33       0.27
                53  -1.14           11          0.78           -0.10       9.24       0.46
                62  -1.21           12          0.83           -0.10       8.15       0.41
                61  -1.21           12          0.83           -0.10       8.15       0.41
                58  -1.21           12          0.83           -0.10       8.15       0.41
                57  -1.21           12          0.83           -0.10       8.15       0.41
                15  -1.24           11          0.81           -0.11       3.57       0.18
                 7  -1.24           11          0.81           -0.11       3.57       0.18
                32  -1.26           11          0.84           -0.11       5.95       0.30
                31  -1.26           11          0.84           -0.11       5.95       0.30
                28  -1.26           11          0.84           -0.11       5.95       0.30
                27  -1.26           11          0.84           -0.11       5.95       0.30
                24  -1.26           11          0.84           -0.11       5.95       0.30
                23  -1.26           11          0.84           -0.11       5.95       0.30
                20  -1.26           11          0.84           -0.11       5.95       0.30
                19  -1.26           11          0.84           -0.11       5.95       0.30
                48  -1.81           18          0.88           -0.10      11.23       0.56
                44  -1.81           18          0.88           -0.10      11.23       0.56
                40  -1.81           18          0.88           -0.10      11.23       0.56
                36  -1.81           18          0.88           -0.10      11.23       0.56
                49  -1.84           12          0.69           -0.15       9.94       0.50
                16  -1.85           11          0.79           -0.17       6.32       0.32
                12  -1.85           11          0.79           -0.17       6.32       0.32
                 8  -1.85           11          0.79           -0.17       6.32       0.32
                 4  -1.85           11          0.79           -0.17       6.32       0.32
                38  -2.14           21          0.82           -0.10       6.55       0.33
                34  -2.14           21          0.82           -0.10       6.55       0.33
                29  -2.29           11          0.63           -0.21       6.22       0.31
                25  -2.29           11          0.63           -0.21       6.22       0.31
                13  -2.99           11          0.40           -0.27       5.60       0.28
                 3  -4.54           11          0.11           -0.41       5.57       0.28
                21  -4.54           11          0.23           -0.41       6.50       0.32
                 5  -4.88           11          0.17           -0.44       6.98       0.35
                22  -5.17           11          0.21           -0.47       5.84       0.29
                18  -5.17           11          0.21           -0.47       5.84       0.29
                46  -5.19           67          0.89           -0.08      22.62       1.12
                42  -5.19           67          0.89           -0.08      22.62       1.12
                17  -5.25           11          0.16           -0.48       6.87       0.34
                 1  -5.38           11          0.12           -0.49       6.77       0.34
                11  -5.39           11          0.11           -0.49       6.18       0.31
                 9  -6.12           12          0.13           -0.51       6.51       0.33
                35  -7.75          126          0.89           -0.06      23.13       1.15
                41  -7.95          129          0.90           -0.06      30.19       1.49
                33  -8.30           12          0.02           -0.69       9.70       0.48
                45  -9.02          118          0.87           -0.08      31.36       1.55
                43  -9.09           93          0.84           -0.10      23.80       1.18
