


                                           Optimization Report
                                      EA31337-Lite-Backtest-v1.069
                                      Tripleafx-FX-Demo (Build 971)

      Symbol          EURUSD (Euro vs US Dollar)
      Period          5 Minutes (M5) 2015.01.02 06:20 - 2015.12.29 23:55 (2015.01.01 - 2015.12.30)
      Model           Every tick (the most precise method based on all available least timeframes)
      Initial deposit 2000.00
      Spread          10
                                          [Optimization Graph]
              Pass Profit Total trades Profit factor Expected Payoff Drawdown $ Drawdown %
                 1 980.72         1259          1.17            0.78    1235.06      30.88
                 4 -32.95           17          0.55           -1.94      49.60       2.48
                43 -35.63           17          0.54           -2.10      64.89       3.24
                41 -35.63           17          0.54           -2.10      64.89       3.24
                37 -35.63           17          0.54           -2.10      64.89       3.24
                31 -35.63           17          0.54           -2.10      64.89       3.24
                27 -35.63           17          0.54           -2.10      64.89       3.24
                25 -35.63           17          0.54           -2.10      64.89       3.24
                21 -35.63           17          0.54           -2.10      64.89       3.24
                15 -35.63           17          0.54           -2.10      64.89       3.24
                11 -35.63           17          0.54           -2.10      64.89       3.24
                 5 -35.63           17          0.54           -2.10      64.89       3.24
                39 -45.79           19          0.48           -2.41      69.09       3.42
                35 -45.79           19          0.48           -2.41      69.09       3.42
                33 -45.79           19          0.48           -2.41      69.09       3.42
                29 -45.79           19          0.48           -2.41      69.09       3.42
                23 -45.79           19          0.48           -2.41      69.09       3.42
                19 -45.79           19          0.48           -2.41      69.09       3.42
                17 -45.79           19          0.48           -2.41      69.09       3.42
                13 -45.79           19          0.48           -2.41      69.09       3.42
                 7 -45.79           19          0.48           -2.41      69.09       3.42
                 3 -45.79           19          0.48           -2.41      69.09       3.42
                42 -52.68           13          0.24           -4.05      55.00       2.75
                40 -52.68           13          0.24           -4.05      55.00       2.75
                38 -52.68           13          0.24           -4.05      55.00       2.75
                36 -52.68           13          0.24           -4.05      55.00       2.75
                34 -52.68           13          0.24           -4.05      55.00       2.75
                32 -52.68           13          0.24           -4.05      55.00       2.75
                30 -52.68           13          0.24           -4.05      55.00       2.75
                28 -52.68           13          0.24           -4.05      55.00       2.75
                26 -52.68           13          0.24           -4.05      55.00       2.75
                24 -52.68           13          0.24           -4.05      55.00       2.75
                22 -52.68           13          0.24           -4.05      55.00       2.75
                20 -52.68           13          0.24           -4.05      55.00       2.75
                18 -52.68           13          0.24           -4.05      55.00       2.75
                16 -52.68           13          0.24           -4.05      55.00       2.75
                14 -52.68           13          0.24           -4.05      55.00       2.75
                12 -52.68           13          0.24           -4.05      55.00       2.75
                10 -52.68           13          0.24           -4.05      55.00       2.75
                 8 -52.68           13          0.24           -4.05      55.00       2.75
                 6 -52.68           13          0.24           -4.05      55.00       2.75
                 2 -52.68           13          0.24           -4.05      55.00       2.75
                 9 -54.52           17          0.37           -3.21      64.89       3.24
