


                                           Optimization Report
                                      EA31337-Lite-Backtest-v1.070
                                      Tripleafx-FX-Demo (Build 971)

     Symbol          EURUSD (Euro vs US Dollar)
     Period          15 Minutes (M15) 2014.01.02 23:00 - 2014.12.29 23:45 (2014.01.01 - 2014.12.30)
     Model           Every tick (the most precise method based on all available least timeframes)
     Initial deposit 2000.00
     Spread          10
                                          [Optimization Graph]
              Pass Profit Total trades Profit factor Expected Payoff Drawdown $ Drawdown %
                36   5.44           16          1.36            0.34       9.23       0.46
                35   5.44           16          1.36            0.34       9.23       0.46
                34   5.44           16          1.36            0.34       9.23       0.46
                33   5.44           16          1.36            0.34       9.23       0.46
                52   3.16           12          1.28            0.26       9.23       0.46
                51   3.16           12          1.28            0.26       9.23       0.46
                50   3.16           12          1.28            0.26       9.23       0.46
                49   3.16           12          1.28            0.26       9.23       0.46
                64   0.00            0          0.00            0.00       0.00       0.00
                63   0.00            0          0.00            0.00       0.00       0.00
                62   0.00            0          0.00            0.00       0.00       0.00
                61   0.00            0          0.00            0.00       0.00       0.00
                60   0.00            0          0.00            0.00       0.00       0.00
                59   0.00            0          0.00            0.00       0.00       0.00
                58   0.00            0          0.00            0.00       0.00       0.00
                57   0.00            0          0.00            0.00       0.00       0.00
                56   0.00            0          0.00            0.00       0.00       0.00
                55   0.00            0          0.00            0.00       0.00       0.00
                54   0.00            0          0.00            0.00       0.00       0.00
                53   0.00            0          0.00            0.00       0.00       0.00
                48   0.00            0          0.00            0.00       0.00       0.00
                47   0.00            0          0.00            0.00       0.00       0.00
                46   0.00            0          0.00            0.00       0.00       0.00
                45   0.00            0          0.00            0.00       0.00       0.00
                44   0.00            0          0.00            0.00       0.00       0.00
                43   0.00            0          0.00            0.00       0.00       0.00
                42   0.00            0          0.00            0.00       0.00       0.00
                41   0.00            0          0.00            0.00       0.00       0.00
                40   0.00            0          0.00            0.00       0.00       0.00
                39   0.00            0          0.00            0.00       0.00       0.00
                38   0.00            0          0.00            0.00       0.00       0.00
                37   0.00            0          0.00            0.00       0.00       0.00
                 2  -1.52           11          0.81           -0.14       7.40       0.37
                 4  -1.73           11          0.78           -0.16       6.36       0.32
                 3  -1.73           11          0.78           -0.16       6.36       0.32
                19  -1.77           11          0.78           -0.16       6.40       0.32
                17  -1.77           11          0.78           -0.16       6.40       0.32
                29  -2.39           11          0.84           -0.22      11.69       0.58
                25  -2.39           11          0.84           -0.22      11.69       0.58
                 1  -2.42           12          0.73           -0.20       8.06       0.40
                32  -4.52           11          0.59           -0.41      11.93       0.60
                30  -4.52           11          0.59           -0.41      11.93       0.60
                28  -4.52           11          0.59           -0.41      11.93       0.60
                26  -4.52           11          0.59           -0.41      11.93       0.60
                16  -6.69           12          0.41           -0.56      11.04       0.55
                12  -6.69           12          0.41           -0.56      11.04       0.55
                24  -9.07           12          0.44           -0.76      17.07       0.85
                22  -9.07           12          0.44           -0.76      17.07       0.85
                10 -11.42           11          0.27           -1.04      15.78       0.79
                31 -11.79           12          0.24           -0.98      15.44       0.77
                27 -11.79           12          0.24           -0.98      15.44       0.77
                20 -12.12           13          0.34           -0.93      16.07       0.80
                18 -12.12           13          0.34           -0.93      16.07       0.80
                15 -12.20           12          0.23           -1.02      12.85       0.64
                11 -12.20           12          0.23           -1.02      12.85       0.64
                14 -13.57           12          0.24           -1.13      15.78       0.79
                23 -14.06           11          0.20           -1.28      19.01       0.95
                21 -14.06           11          0.20           -1.28      19.01       0.95
                13 -14.15           12          0.25           -1.18      18.88       0.94
                 9 -14.38           11          0.20           -1.31      18.88       0.94
                 7 -14.48           11          0.18           -1.32      19.43       0.97
                 5 -18.00           11          0.03           -1.64      20.33       1.02
                 8 -18.16           11          0.03           -1.65      19.17       0.96
                 6 -18.16           11          0.03           -1.65      19.17       0.96
