


                                           Optimization Report
                                      EA31337-Lite-Backtest-v1.070
                                      Tripleafx-FX-Demo (Build 971)

     Symbol          EURUSD (Euro vs US Dollar)
     Period          30 Minutes (M30) 2014.01.06 00:00 - 2014.12.29 23:30 (2014.01.01 - 2014.12.30)
     Model           Every tick (the most precise method based on all available least timeframes)
     Initial deposit 2000.00
     Spread          10
                                          [Optimization Graph]
              Pass Profit Total trades Profit factor Expected Payoff Drawdown $ Drawdown %
                22  71.21          551          1.18            0.13      40.02       1.97
                20  70.20          599          1.17            0.12      41.65       2.05
                21  -3.17           58          0.90           -0.05      25.73       1.27
                18  -3.17           58          0.90           -0.05      25.73       1.27
                17  -3.17           58          0.90           -0.05      25.73       1.27
                14  -3.17           58          0.90           -0.05      25.73       1.27
                13  -3.17           58          0.90           -0.05      25.73       1.27
                 2  -3.17           58          0.90           -0.05      25.73       1.27
                 1  -3.17           58          0.90           -0.05      25.73       1.27
                11  -4.93           74          0.84           -0.07      14.69       0.73
                 3  -5.51           74          0.79           -0.07      14.56       0.73
                23  -5.77           77          0.85           -0.07      15.98       0.80
                 9  -5.86           64          0.84           -0.09      28.29       1.40
                12  -6.15           72          0.81           -0.09      16.70       0.83
                 4  -6.55           63          0.75           -0.10      17.63       0.88
                 6  -7.88           66          0.77           -0.12      20.49       1.02
                24  -8.60          100          0.86           -0.09      28.39       1.41
                10  -8.80           69          0.72           -0.13      22.79       1.13
                 5  -9.66           58          0.65           -0.17      17.96       0.89
                16 -10.01           87          0.80           -0.12      20.18       1.00
                15 -11.20           83          0.77           -0.13      19.20       0.96
                27 -11.81          946          0.98           -0.01      81.20       4.01
                 8 -11.85           99          0.82           -0.12      34.91       1.73
                19 -14.46          120          0.82           -0.12      33.00       1.64
                 7 -14.91           86          0.76           -0.17      35.78       1.77
                25 -15.70          166          0.88           -0.09      35.48       1.76
                26 -18.99          166          0.85           -0.11      39.43       1.96
