


                                           Optimization Report
                                      EA31337-Lite-Backtest-v1.070
                                      Tripleafx-FX-Demo (Build 971)

      Symbol          EURUSD (Euro vs US Dollar)
      Period          1 Minute (M1) 2014.01.01 23:41 - 2014.12.29 23:59 (2014.01.01 - 2014.12.30)
      Model           Every tick (the most precise method based on all available least timeframes)
      Initial deposit 2000.00
      Spread          10
                                          [Optimization Graph]
              Pass  Profit Total trades Profit factor Expected Payoff Drawdown $ Drawdown %
                11 1196.36          508          2.08            2.36     289.98      11.17
                 9 1196.36          508          2.08            2.36     289.98      11.17
                 7 1196.36          508          2.08            2.36     289.98      11.17
                21 1194.81          505          2.09            2.37     289.98      11.13
                19 1194.81          505          2.09            2.37     289.98      11.13
                17 1176.43          538          1.98            2.19     247.28       9.36
                10  918.17          401          2.03            2.29     194.79       8.44
                 8  918.17          401          2.03            2.29     194.79       8.44
                22  915.26          396          2.06            2.31     194.79       8.44
                20  915.26          396          2.06            2.31     194.79       8.44
                18  915.26          396          2.06            2.31     194.79       8.44
                42  751.53          327          2.00            2.30     192.19       8.10
                40  751.53          327          2.00            2.30     192.19       8.10
                32  751.53          327          2.00            2.30     192.19       8.10
                30  751.53          327          2.00            2.30     192.19       8.10
                28   79.16           19          5.32            4.17      20.48       0.99
                 6   16.41           14          1.41            1.17      37.55       1.88
                 4   16.41           14          1.41            1.17      37.55       1.88
                 2   16.41           14          1.41            1.17      37.55       1.88
                37   -0.78           18          0.99           -0.04      78.23       3.91
                35   -0.78           18          0.99           -0.04      78.23       3.91
                33   -0.78           18          0.99           -0.04      78.23       3.91
                27   -0.78           18          0.99           -0.04      78.23       3.91
                25   -0.78           18          0.99           -0.04      78.23       3.91
                23   -0.78           18          0.99           -0.04      78.23       3.91
                15   -0.78           18          0.99           -0.04      78.23       3.91
                13   -0.78           18          0.99           -0.04      78.23       3.91
                 5   -0.78           18          0.99           -0.04      78.23       3.91
                 3   -0.78           18          0.99           -0.04      78.23       3.91
                 1  -23.80           15          0.62           -1.59      64.16       3.20
                38  -31.31           20          0.58           -1.57      51.51       2.55
                36  -31.31           20          0.58           -1.57      51.51       2.55
                34  -31.31           20          0.58           -1.57      51.51       2.55
                26  -31.31           20          0.58           -1.57      51.51       2.55
                24  -31.31           20          0.58           -1.57      51.51       2.55
                12  -33.50           39          0.73           -0.86     100.50       4.95
                16  -35.28           22          0.57           -1.60      54.15       2.69
                14  -35.28           22          0.57           -1.60      54.15       2.69
                43  -38.14          100          0.88           -0.38     191.05       8.98
                41  -38.14          100          0.88           -0.38     191.05       8.98
                39  -38.14          100          0.88           -0.38     191.05       8.98
                31  -38.14          100          0.88           -0.38     191.05       8.98
                29  -38.14          100          0.88           -0.38     191.05       8.98
