


                                           Optimization Report
                                      EA31337-Lite-Backtest-v1.070
                                      Tripleafx-FX-Demo (Build 971)

     Symbol          EURUSD (Euro vs US Dollar)
     Period          30 Minutes (M30) 2014.01.06 00:00 - 2014.12.29 23:30 (2014.01.01 - 2014.12.30)
     Model           Every tick (the most precise method based on all available least timeframes)
     Initial deposit 2000.00
     Spread          10
                                          [Optimization Graph]
              Pass Profit Total trades Profit factor Expected Payoff Drawdown $ Drawdown %
                12  -3.27           57          0.81           -0.06      11.56       0.58
                10  -4.01           56          0.78           -0.07      10.16       0.51
                11  -4.61           58          0.74           -0.08      11.42       0.57
                 5  -5.09           89          0.85           -0.06      15.83       0.79
                27  -5.82           74          0.83           -0.08      14.93       0.74
                15  -5.93           85          0.79           -0.07      13.52       0.67
                24  -6.01           73          0.82           -0.08      16.90       0.84
                 6  -6.10           90          0.83           -0.07      17.95       0.89
                 7  -6.30           82          0.82           -0.08      16.89       0.84
                23  -6.77           71          0.78           -0.10      16.35       0.81
                 9  -6.87           74          0.79           -0.09      14.95       0.74
                22  -7.24           81          0.81           -0.09      20.74       1.03
                21  -7.24           81          0.81           -0.09      20.74       1.03
                18  -7.24           81          0.81           -0.09      20.74       1.03
                17  -7.24           81          0.81           -0.09      20.74       1.03
                14  -7.24           81          0.81           -0.09      20.74       1.03
                13  -7.24           81          0.81           -0.09      20.74       1.03
                 2  -7.24           81          0.81           -0.09      20.74       1.03
                 1  -7.24           81          0.81           -0.09      20.74       1.03
                16  -7.37           86          0.76           -0.09      14.73       0.73
                19  -7.47           83          0.74           -0.09      15.09       0.75
                26  -8.89           86          0.76           -0.10      17.62       0.88
                 3  -9.71           75          0.67           -0.13      15.56       0.78
                25  -9.79           85          0.74           -0.12      18.46       0.92
                 4 -10.61          112          0.76           -0.09      23.83       1.18
                20 -12.08           88          0.67           -0.14      21.86       1.09
                 8 -13.23          145          0.81           -0.09      22.11       1.10
