


                                           Optimization Report
                                      EA31337-Lite-Backtest-v1.070
                                      Tripleafx-FX-Demo (Build 971)

     Symbol          EURUSD (Euro vs US Dollar)
     Period          15 Minutes (M15) 2014.01.02 23:00 - 2014.12.29 23:45 (2014.01.01 - 2014.12.30)
     Model           Every tick (the most precise method based on all available least timeframes)
     Initial deposit 2000.00
     Spread          10
                                          [Optimization Graph]
              Pass Profit Total trades Profit factor Expected Payoff Drawdown $ Drawdown %
                35   3.71            1          0.00            3.71      12.38       0.62
                19   3.71            1          0.00            3.71      12.38       0.62
                 7   3.71            1          0.00            3.71      12.38       0.62
                27   0.31            4          1.05            0.08      12.38       0.62
                36   0.00            0          0.00            0.00       0.00       0.00
                34   0.00            0          0.00            0.00       0.00       0.00
                32   0.00            0          0.00            0.00       0.00       0.00
                30   0.00            0          0.00            0.00       0.00       0.00
                28   0.00            0          0.00            0.00       0.00       0.00
                26   0.00            0          0.00            0.00       0.00       0.00
                24   0.00            0          0.00            0.00       0.00       0.00
                22   0.00            0          0.00            0.00       0.00       0.00
                20   0.00            0          0.00            0.00       0.00       0.00
                18   0.00            0          0.00            0.00       0.00       0.00
                16   0.00            0          0.00            0.00       0.00       0.00
                14   0.00            0          0.00            0.00       0.00       0.00
                12   0.00            0          0.00            0.00       0.00       0.00
                10   0.00            0          0.00            0.00       0.00       0.00
                 8   0.00            0          0.00            0.00       0.00       0.00
                 6   0.00            0          0.00            0.00       0.00       0.00
                 4   0.00            0          0.00            0.00       0.00       0.00
                 2   0.00            0          0.00            0.00       0.00       0.00
                23  -0.74            2          0.83           -0.37      12.38       0.62
                 3  -0.74            2          0.83           -0.37      12.38       0.62
                13  -8.93           11          0.73           -0.81      29.57       1.47
                29 -10.55           14          0.76           -0.75      34.16       1.70
                33 -18.70           48          0.87           -0.39      95.51       4.60
                37 -19.36            3          0.16           -6.45      25.38       1.27
                 1 -20.63           20          0.70           -1.03      74.57       3.64
                31 -20.76           60          0.89           -0.35      89.69       4.33
                11 -29.00           11          0.35           -2.64      36.05       1.80
                25 -38.12            8          0.29           -4.76      50.27       2.50
                21 -43.17            8          0.26           -5.40      57.11       2.84
                 5 -43.17            8          0.26           -5.40      57.11       2.84
                 9 -44.29           11          0.33           -4.03      54.88       2.73
                15 -51.68           66          0.78           -0.78     139.62       6.69
                17 -54.97           71          0.78           -0.77     152.45       7.27
