


                                           Optimization Report
                                      EA31337-Lite-Backtest-v1.070
                                      Tripleafx-FX-Demo (Build 971)

      Symbol          EURUSD (Euro vs US Dollar)
      Period          5 Minutes (M5) 2014.01.02 06:20 - 2014.12.29 23:55 (2014.01.01 - 2014.12.30)
      Model           Every tick (the most precise method based on all available least timeframes)
      Initial deposit 2000.00
      Spread          10
                                          [Optimization Graph]
              Pass Profit Total trades Profit factor Expected Payoff Drawdown $ Drawdown %
                55  14.36           14          1.52            1.03      26.86       1.34
                53  14.36           14          1.52            1.03      26.86       1.34
                39  14.36           14          1.52            1.03      26.86       1.34
                37  14.36           14          1.52            1.03      26.86       1.34
                64   0.00            0          0.00            0.00       0.00       0.00
                63   0.00            0          0.00            0.00       0.00       0.00
                62   0.00            0          0.00            0.00       0.00       0.00
                61   0.00            0          0.00            0.00       0.00       0.00
                60   0.00            0          0.00            0.00       0.00       0.00
                59   0.00            0          0.00            0.00       0.00       0.00
                58   0.00            0          0.00            0.00       0.00       0.00
                57   0.00            0          0.00            0.00       0.00       0.00
                48   0.00            0          0.00            0.00       0.00       0.00
                47   0.00            0          0.00            0.00       0.00       0.00
                46   0.00            0          0.00            0.00       0.00       0.00
                45   0.00            0          0.00            0.00       0.00       0.00
                44   0.00            0          0.00            0.00       0.00       0.00
                43   0.00            0          0.00            0.00       0.00       0.00
                42   0.00            0          0.00            0.00       0.00       0.00
                41   0.00            0          0.00            0.00       0.00       0.00
                 3  -0.20           18          1.00           -0.01      55.81       2.79
                 2  -2.59           14          0.94           -0.18      57.04       2.85
                 1  -2.59           14          0.94           -0.18      57.04       2.85
                56  -3.30            9          0.87           -0.37      26.24       1.31
                54  -3.30            9          0.87           -0.37      26.24       1.31
                40  -3.30            9          0.87           -0.37      26.24       1.31
                38  -3.30            9          0.87           -0.37      26.24       1.31
                 5  -5.48           15          0.88           -0.37      53.56       2.68
                 4 -10.36           17          0.79           -0.61      55.81       2.79
                20 -11.00           14          0.77           -0.79      43.85       2.19
                18 -11.00           14          0.77           -0.79      43.85       2.19
                19 -15.74           17          0.73           -0.93      53.07       2.65
                17 -15.74           17          0.73           -0.93      53.07       2.65
                51 -15.81           11          0.50           -1.44      36.56       1.83
                49 -15.81           11          0.50           -1.44      36.56       1.83
                21 -17.12           15          0.64           -1.14      52.99       2.65
                 7 -19.40           15          0.63           -1.29      53.56       2.68
                52 -24.88           11          0.44           -2.26      35.44       1.77
                50 -24.88           11          0.44           -2.26      35.44       1.77
                 8 -25.11           14          0.51           -1.79      52.48       2.62
                 6 -25.11           14          0.51           -1.79      52.48       2.62
                24 -26.88           12          0.39           -2.24      44.01       2.20
                22 -26.88           12          0.39           -2.24      44.01       2.20
                31 -27.95           12          0.43           -2.33      52.59       2.63
                27 -27.95           12          0.43           -2.33      52.59       2.63
                10 -30.10           11          0.46           -2.74      69.36       3.46
                 9 -31.66           13          0.45           -2.44      69.36       3.46
                23 -35.66           15          0.40           -2.38      54.55       2.73
                14 -36.15           12          0.45           -3.01      68.13       3.40
                15 -36.19           12          0.37           -3.02      68.13       3.40
                11 -36.19           12          0.37           -3.02      68.13       3.40
                29 -38.82           12          0.24           -3.23      51.11       2.55
                25 -38.82           12          0.24           -3.23      51.11       2.55
                36 -40.84           11          0.06           -3.71      50.29       2.51
                35 -40.84           11          0.06           -3.71      50.29       2.51
                34 -43.09           11          0.06           -3.92      49.22       2.46
                33 -43.09           11          0.06           -3.92      49.22       2.46
                13 -47.43           12          0.20           -3.95      68.13       3.40
                16 -56.65           12          0.22           -4.72      68.13       3.40
                12 -56.65           12          0.22           -4.72      68.13       3.40
                32 -62.11           15          0.20           -4.14     101.81       5.08
                30 -62.11           15          0.20           -4.14     101.81       5.08
                28 -62.11           15          0.20           -4.14     101.81       5.08
                26 -62.11           15          0.20           -4.14     101.81       5.08
