


                                           Optimization Report
                                      EA31337-Lite-Backtest-v1.069
                                      Tripleafx-FX-Demo (Build 971)

      Symbol          EURUSD (Euro vs US Dollar)
      Period          5 Minutes (M5) 2015.01.02 06:20 - 2015.12.29 23:55 (2015.01.01 - 2015.12.30)
      Model           Every tick (the most precise method based on all available least timeframes)
      Initial deposit 2000.00
      Spread          10
                                          [Optimization Graph]
              Pass  Profit Total trades Profit factor Expected Payoff Drawdown $ Drawdown %
                17  204.21           30          4.07            6.81     103.15       4.73
                42  166.64           14         20.06           11.90     103.15       4.72
                40  166.64           14         20.06           11.90     103.15       4.72
                32  166.64           14         20.06           11.90     103.15       4.72
                30  166.64           14         20.06           11.90     103.15       4.72
                21   80.73           14          8.22            5.77      64.06       3.01
                19   80.73           14          8.22            5.77      64.06       3.01
                11   76.96           15          6.15            5.13      74.86       3.51
                 9   76.96           15          6.15            5.13      74.86       3.51
                 7   76.96           15          6.15            5.13      74.86       3.51
                22   72.70           11          7.80            6.61      47.56       2.24
                20   72.70           11          7.80            6.61      47.56       2.24
                18   72.70           11          7.80            6.61      47.56       2.24
                43   71.27           12          8.71            5.94      54.04       2.57
                41   71.27           12          8.71            5.94      54.04       2.57
                39   71.27           12          8.71            5.94      54.04       2.57
                31   71.27           12          8.71            5.94      54.04       2.57
                29   71.27           12          8.71            5.94      54.04       2.57
                10   67.92           13          5.39            5.22      66.19       3.12
                 8   67.92           13          5.39            5.22      66.19       3.12
                15  -28.45           19          0.69           -1.50     120.11       5.92
                13  -28.45           19          0.69           -1.50     120.11       5.92
                 5  -28.45           19          0.69           -1.50     120.11       5.92
                 3  -28.45           19          0.69           -1.50     120.11       5.92
                28  -30.78           46          0.89           -0.67     190.73       9.01
                37  -38.56           18          0.57           -2.14     121.20       6.01
                35  -38.56           18          0.57           -2.14     121.20       6.01
                27  -38.56           18          0.57           -2.14     121.20       6.01
                25  -38.56           18          0.57           -2.14     121.20       6.01
                23  -38.56           18          0.57           -2.14     121.20       6.01
                33  -47.83           19          0.52           -2.52     122.90       6.11
                 1  -56.20           17          0.44           -3.31     112.70       5.58
                16  -76.26           29          0.62           -2.63     154.79       7.48
                14  -76.26           29          0.62           -2.63     154.79       7.48
                 6  -76.26           29          0.62           -2.63     154.79       7.48
                 4  -76.26           29          0.62           -2.63     154.79       7.48
                 2  -76.26           29          0.62           -2.63     154.79       7.48
                12  -91.52           29          0.56           -3.16     154.79       7.54
                38 -124.58           26          0.42           -4.79     194.82       9.45
                36 -124.58           26          0.42           -4.79     194.82       9.45
                34 -124.58           26          0.42           -4.79     194.82       9.45
                26 -146.19           26          0.35           -5.62     194.82       9.55
                24 -146.19           26          0.35           -5.62     194.82       9.55
