


                                           Optimization Report
                                      EA31337-Lite-Backtest-v1.069
                                      Tripleafx-FX-Demo (Build 971)

      Symbol          EURUSD (Euro vs US Dollar)
      Period          1 Minute (M1) 2014.01.01 23:41 - 2014.12.29 23:59 (2014.01.01 - 2014.12.30)
      Model           Every tick (the most precise method based on all available least timeframes)
      Initial deposit 2000.00
      Spread          10
                                          [Optimization Graph]
              Pass  Profit Total trades Profit factor Expected Payoff Drawdown $ Drawdown %
                24 1236.74           29          2.93           42.65     542.14      19.83
                22  947.78           28          2.22           33.85     464.80      18.49
                21  947.78           28          2.22           33.85     464.80      18.49
                18  947.78           28          2.22           33.85     464.80      18.49
                17  947.78           28          2.22           33.85     464.80      18.49
                14  947.78           28          2.22           33.85     464.80      18.49
                13  947.78           28          2.22           33.85     464.80      18.49
                10  947.78           28          2.22           33.85     464.80      18.49
                 2  947.78           28          2.22           33.85     464.80      18.49
                 1  947.78           28          2.22           33.85     464.80      18.49
                 8  302.58           28          1.39           10.81     226.81      10.10
                 7  -18.53           28          0.98           -0.66     253.86      12.26
                 9 -129.19           31          0.83           -4.17     209.73      10.10
                27 -146.00           31          0.81           -4.71     248.85      11.85
                20 -198.04           32          0.75           -6.19     274.75      13.26
                12 -237.98           34          0.70           -7.00     310.63      15.03
                16 -259.30           32          0.68           -8.10     336.03      16.23
                19 -263.40           32          0.67           -8.23     340.13      16.43
                 6 -266.97           32          0.67           -8.34     343.69      16.60
                 5 -269.87           34          0.67           -7.94     344.27      16.65
                11 -273.30           34          0.66           -8.04     344.82      16.70
                15 -275.98           34          0.66           -8.12     348.46      16.86
                 4 -287.09           34          0.64           -8.44     361.49      17.48
                26 -290.08           34          0.64           -8.53     361.28      17.50
                25 -290.76           34          0.64           -8.55     361.96      17.53
                 3 -332.53           35          0.60           -9.50     403.65      19.56
                23 -333.04           35          0.60           -9.52     404.15      19.58
