


                                           Optimization Report
                                      EA31337-Lite-Backtest-v1.070
                                      Tripleafx-FX-Demo (Build 971)

     Symbol          EURUSD (Euro vs US Dollar)
     Period          15 Minutes (M15) 2014.01.02 23:00 - 2014.12.29 23:45 (2014.01.01 - 2014.12.30)
     Model           Every tick (the most precise method based on all available least timeframes)
     Initial deposit 2000.00
     Spread          10
                                          [Optimization Graph]
              Pass Profit Total trades Profit factor Expected Payoff Drawdown $ Drawdown %
                18   1.46           17          1.03            0.09      37.77       1.86
                13  -1.21           13          0.97           -0.09      37.42       1.86
                14  -2.87           13          0.93           -0.22      36.30       1.81
                 6 -11.19           22          0.85           -0.51      53.46       2.66
                 5 -11.19           22          0.85           -0.51      53.46       2.66
                19 -15.70           29          0.85           -0.54      75.62       3.68
                12 -16.13           15          0.71           -1.08      37.38       1.85
                 4 -18.42           22          0.75           -0.84      51.06       2.54
                20 -19.96           15          0.68           -1.33      38.73       1.93
                15 -19.96           15          0.68           -1.33      38.73       1.93
                17 -25.63           47          0.85           -0.55     116.67       5.59
                11 -26.15           64          0.87           -0.41     117.20       5.61
                10 -32.52           71          0.86           -0.46     128.63       6.14
                 9 -32.52           71          0.86           -0.46     128.63       6.14
                22 -36.14           13          0.49           -2.78      61.81       3.06
                21 -36.14           13          0.49           -2.78      61.81       3.06
                16 -45.26           14          0.44           -3.23      70.93       3.51
                 1 -51.31           16          0.27           -3.21      87.16       4.30
                 8 -53.29           14          0.12           -3.81      89.75       4.45
                 7 -53.31           14          0.12           -3.81      90.16       4.47
                 2 -53.32           15          0.20           -3.55      81.43       4.03
                 3 -59.55           15          0.16           -3.97      87.83       4.35
