


                                           Optimization Report
                                      EA31337-Lite-Backtest-v1.071
                                      Tripleafx-FX-Demo (Build 971)

      Symbol          EURUSD (Euro vs US Dollar)
      Period          1 Minute (M1) 2014.01.01 23:41 - 2014.12.29 23:59 (2014.01.01 - 2014.12.30)
      Model           Every tick (the most precise method based on all available least timeframes)
      Initial deposit 2000.00
      Spread          10
                                          [Optimization Graph]
              Pass Profit Total trades Profit factor Expected Payoff Drawdown $ Drawdown %
                 8  63.89          388          1.27            0.16      44.45       2.19
                 4  58.90          515          1.19            0.11      43.17       2.12
                16  58.88          298          1.33            0.20      39.75       1.96
                12  58.88          298          1.33            0.20      39.75       1.96
                 7  46.90          549          1.13            0.09      71.07       3.49
                20  44.50          288          1.25            0.15      27.92       1.37
                18  44.50          288          1.25            0.15      27.92       1.37
                24  40.14          251          1.26            0.16      29.25       1.44
                22  40.14          251          1.26            0.16      29.25       1.44
                15  39.70          440          1.14            0.09      63.24       3.10
                11  39.70          440          1.14            0.09      63.24       3.10
                19  38.69          477          1.13            0.08      56.08       2.75
                23  38.21          447          1.14            0.09      56.78       2.79
                32  27.13          177          1.24            0.15      36.64       1.81
                30  27.13          177          1.24            0.15      36.64       1.81
                28  27.13          177          1.24            0.15      36.64       1.81
                26  27.13          177          1.24            0.15      36.64       1.81
                31  14.48          354          1.06            0.04      58.16       2.86
                27  14.48          354          1.06            0.04      58.16       2.86
                52   2.54            6          2.06            0.42       3.14       0.16
                50   2.54            6          2.06            0.42       3.14       0.16
                 3   0.49           13          1.07            0.04       5.21       0.26
                56   0.32            4          1.13            0.08       4.02       0.20
                54   0.32            4          1.13            0.08       4.02       0.20
                40   0.32            4          1.13            0.08       4.02       0.20
                38   0.32            4          1.13            0.08       4.02       0.20
                64   0.00            0          0.00            0.00       0.00       0.00
                63   0.00            0          0.00            0.00       0.00       0.00
                62   0.00            0          0.00            0.00       0.00       0.00
                61   0.00            0          0.00            0.00       0.00       0.00
                60   0.00            0          0.00            0.00       0.00       0.00
                59   0.00            0          0.00            0.00       0.00       0.00
                58   0.00            0          0.00            0.00       0.00       0.00
                57   0.00            0          0.00            0.00       0.00       0.00
                48   0.00            0          0.00            0.00       0.00       0.00
                47   0.00            0          0.00            0.00       0.00       0.00
                46   0.00            0          0.00            0.00       0.00       0.00
                45   0.00            0          0.00            0.00       0.00       0.00
                44   0.00            0          0.00            0.00       0.00       0.00
                43   0.00            0          0.00            0.00       0.00       0.00
                42   0.00            0          0.00            0.00       0.00       0.00
                41   0.00            0          0.00            0.00       0.00       0.00
                29  -1.57           11          0.70           -0.14       4.26       0.21
                25  -1.57           11          0.70           -0.14       4.26       0.21
                51  -1.65            8          0.75           -0.21       6.65       0.33
                49  -1.65            8          0.75           -0.21       6.65       0.33
                 6  -2.06           12          0.72           -0.17       7.45       0.37
                36  -2.54           11          0.67           -0.23       9.31       0.46
                21  -3.12           11          0.33           -0.28       5.39       0.27
                17  -3.12           11          0.33           -0.28       5.39       0.27
                35  -3.56           11          0.59           -0.32       9.56       0.48
                34  -3.86           11          0.57           -0.35       9.86       0.49
                33  -3.86           11          0.57           -0.35       9.86       0.49
                55  -3.87            6          0.41           -0.65       8.21       0.41
                53  -3.87            6          0.41           -0.65       8.21       0.41
                39  -3.87            6          0.41           -0.65       8.21       0.41
                37  -3.87            6          0.41           -0.65       8.21       0.41
                 2  -5.89           11          0.11           -0.54       6.95       0.35
                10  -7.06           88          0.88           -0.08      18.86       0.94
                 1  -7.17           12          0.01           -0.60       7.71       0.39
                13  -7.90           11          0.00           -0.72       8.32       0.42
                 9  -7.90           11          0.00           -0.72       8.32       0.42
                 5  -7.97           11          0.00           -0.72       8.28       0.41
                14  -8.49           97          0.87           -0.09      23.02       1.14
