


                                           Optimization Report
                                      EA31337-Lite-Backtest-v1.068
                                               (Build 950)

      Symbol          EURUSD (Euro vs US Dollar)
      Period          1 Minute (M1) 2015.01.01 23:40 - 2015.12.29 23:59 (2015.01.01 - 2015.12.30)
      Model           Every tick (the most precise method based on all available least timeframes)
      Initial deposit 2000.00
      Spread          10
                                          [Optimization Graph]
             Pass   Profit Total trades Profit factor Expected Payoff Drawdown $ Drawdown %
               22  -834.31           35          0.78          -23.84    2521.37      78.29
               18  -834.31           35          0.78          -23.84    2521.37      78.29
                9  -885.87            9          0.36          -98.43    1435.80      59.86
               17  -915.01           15          0.47          -61.00    1605.14      61.91
                2  -935.49           13          0.43          -71.96    1784.50      74.49
              119  -999.74           15          0.50          -66.65    1635.23      62.05
              117  -999.74           15          0.50          -66.65    1635.23      62.05
              115  -999.74           15          0.50          -66.65    1635.23      62.05
              113  -999.74           15          0.50          -66.65    1635.23      62.05
              103  -999.74           15          0.50          -66.65    1635.23      62.05
              101  -999.74           15          0.50          -66.65    1635.23      62.05
               99  -999.74           15          0.50          -66.65    1635.23      62.05
               97  -999.74           15          0.50          -66.65    1635.23      62.05
               87  -999.74           15          0.50          -66.65    1635.23      62.05
               85  -999.74           15          0.50          -66.65    1635.23      62.05
               83  -999.74           15          0.50          -66.65    1635.23      62.05
               81  -999.74           15          0.50          -66.65    1635.23      62.05
               71  -999.74           15          0.50          -66.65    1635.23      62.05
               69  -999.74           15          0.50          -66.65    1635.23      62.05
               67  -999.74           15          0.50          -66.65    1635.23      62.05
               65  -999.74           15          0.50          -66.65    1635.23      62.05
               55  -999.74           15          0.50          -66.65    1635.23      62.05
               53  -999.74           15          0.50          -66.65    1635.23      62.05
               51  -999.74           15          0.50          -66.65    1635.23      62.05
               49  -999.74           15          0.50          -66.65    1635.23      62.05
               39  -999.74           15          0.50          -66.65    1635.23      62.05
               37  -999.74           15          0.50          -66.65    1635.23      62.05
               35  -999.74           15          0.50          -66.65    1635.23      62.05
               33  -999.74           15          0.50          -66.65    1635.23      62.05
               23  -999.74           15          0.50          -66.65    1635.23      62.05
               19  -999.74           15          0.50          -66.65    1635.23      62.05
                7  -999.74           15          0.50          -66.65    1635.23      62.05
                3  -999.74           15          0.50          -66.65    1635.23      62.05
               30 -1016.30           31          0.71          -32.78    2012.92      76.05
               26 -1016.30           31          0.71          -32.78    2012.92      76.05
               14 -1027.34           29          0.64          -35.43    1491.69      62.27
                6 -1032.18           37          0.73          -27.90    2096.13      72.45
               21 -1043.54           18          0.52          -57.97    1602.97      62.63
                5 -1043.54           18          0.52          -57.97    1602.97      62.63
              127 -1106.55            8          0.24         -138.32    1653.31      69.01
              125 -1106.55            8          0.24         -138.32    1653.31      69.01
              123 -1106.55            8          0.24         -138.32    1653.31      69.01
              121 -1106.55            8          0.24         -138.32    1653.31      69.01
              111 -1106.55            8          0.24         -138.32    1653.31      69.01
              109 -1106.55            8          0.24         -138.32    1653.31      69.01
              107 -1106.55            8          0.24         -138.32    1653.31      69.01
              105 -1106.55            8          0.24         -138.32    1653.31      69.01
               95 -1106.55            8          0.24         -138.32    1653.31      69.01
               93 -1106.55            8          0.24         -138.32    1653.31      69.01
               91 -1106.55            8          0.24         -138.32    1653.31      69.01
               89 -1106.55            8          0.24         -138.32    1653.31      69.01
               79 -1106.55            8          0.24         -138.32    1653.31      69.01
               77 -1106.55            8          0.24         -138.32    1653.31      69.01
               75 -1106.55            8          0.24         -138.32    1653.31      69.01
               73 -1106.55            8          0.24         -138.32    1653.31      69.01
               63 -1106.55            8          0.24         -138.32    1653.31      69.01
               61 -1106.55            8          0.24         -138.32    1653.31      69.01
               59 -1106.55            8          0.24         -138.32    1653.31      69.01
               57 -1106.55            8          0.24         -138.32    1653.31      69.01
               47 -1106.55            8          0.24         -138.32    1653.31      69.01
               45 -1106.55            8          0.24         -138.32    1653.31      69.01
               43 -1106.55            8          0.24         -138.32    1653.31      69.01
               41 -1106.55            8          0.24         -138.32    1653.31      69.01
               31 -1106.55            8          0.24         -138.32    1653.31      69.01
               29 -1106.55            8          0.24         -138.32    1653.31      69.01
               27 -1106.55            8          0.24         -138.32    1653.31      69.01
               25 -1106.55            8          0.24         -138.32    1653.31      69.01
               15 -1106.55            8          0.24         -138.32    1653.31      69.01
               13 -1106.55            8          0.24         -138.32    1653.31      69.01
               11 -1106.55            8          0.24         -138.32    1653.31      69.01
              128 -1145.64           28          0.61          -40.92    1656.65      69.15
              126 -1145.64           28          0.61          -40.92    1656.65      69.15
              124 -1145.64           28          0.61          -40.92    1656.65      69.15
              122 -1145.64           28          0.61          -40.92    1656.65      69.15
              120 -1145.64           28          0.61          -40.92    1656.65      69.15
              118 -1145.64           28          0.61          -40.92    1656.65      69.15
              116 -1145.64           28          0.61          -40.92    1656.65      69.15
              114 -1145.64           28          0.61          -40.92    1656.65      69.15
              112 -1145.64           28          0.61          -40.92    1656.65      69.15
              110 -1145.64           28          0.61          -40.92    1656.65      69.15
              108 -1145.64           28          0.61          -40.92    1656.65      69.15
              106 -1145.64           28          0.61          -40.92    1656.65      69.15
              104 -1145.64           28          0.61          -40.92    1656.65      69.15
              102 -1145.64           28          0.61          -40.92    1656.65      69.15
              100 -1145.64           28          0.61          -40.92    1656.65      69.15
               98 -1145.64           28          0.61          -40.92    1656.65      69.15
               96 -1145.64           28          0.61          -40.92    1656.65      69.15
               94 -1145.64           28          0.61          -40.92    1656.65      69.15
               92 -1145.64           28          0.61          -40.92    1656.65      69.15
               90 -1145.64           28          0.61          -40.92    1656.65      69.15
               88 -1145.64           28          0.61          -40.92    1656.65      69.15
               86 -1145.64           28          0.61          -40.92    1656.65      69.15
               84 -1145.64           28          0.61          -40.92    1656.65      69.15
               82 -1145.64           28          0.61          -40.92    1656.65      69.15
               80 -1145.64           28          0.61          -40.92    1656.65      69.15
               78 -1145.64           28          0.61          -40.92    1656.65      69.15
               76 -1145.64           28          0.61          -40.92    1656.65      69.15
               74 -1145.64           28          0.61          -40.92    1656.65      69.15
               72 -1145.64           28          0.61          -40.92    1656.65      69.15
               70 -1145.64           28          0.61          -40.92    1656.65      69.15
               68 -1145.64           28          0.61          -40.92    1656.65      69.15
               66 -1145.64           28          0.61          -40.92    1656.65      69.15
               64 -1145.64           28          0.61          -40.92    1656.65      69.15
               62 -1145.64           28          0.61          -40.92    1656.65      69.15
               60 -1145.64           28          0.61          -40.92    1656.65      69.15
               58 -1145.64           28          0.61          -40.92    1656.65      69.15
               56 -1145.64           28          0.61          -40.92    1656.65      69.15
               54 -1145.64           28          0.61          -40.92    1656.65      69.15
               52 -1145.64           28          0.61          -40.92    1656.65      69.15
               50 -1145.64           28          0.61          -40.92    1656.65      69.15
               48 -1145.64           28          0.61          -40.92    1656.65      69.15
               46 -1145.64           28          0.61          -40.92    1656.65      69.15
               44 -1145.64           28          0.61          -40.92    1656.65      69.15
               42 -1145.64           28          0.61          -40.92    1656.65      69.15
               40 -1145.64           28          0.61          -40.92    1656.65      69.15
               38 -1145.64           28          0.61          -40.92    1656.65      69.15
               36 -1145.64           28          0.61          -40.92    1656.65      69.15
               34 -1145.64           28          0.61          -40.92    1656.65      69.15
               32 -1145.64           28          0.61          -40.92    1656.65      69.15
               28 -1145.64           28          0.61          -40.92    1656.65      69.15
               24 -1145.64           28          0.61          -40.92    1656.65      69.15
               20 -1145.64           28          0.61          -40.92    1656.65      69.15
               16 -1145.64           28          0.61          -40.92    1656.65      69.15
               12 -1145.64           28          0.61          -40.92    1656.65      69.15
                8 -1145.64           28          0.61          -40.92    1656.65      69.15
                4 -1145.64           28          0.61          -40.92    1656.65      69.15
                1 -1164.58           13          0.29          -89.58    1469.40      68.23
               10 -1321.95           23          0.56          -57.48    2067.36      86.30
