


                                           Optimization Report
                                      EA31337-Lite-Backtest-v1.069
                                      Tripleafx-FX-Demo (Build 971)

     Symbol          EURUSD (Euro vs US Dollar)
     Period          15 Minutes (M15) 2015.01.04 23:00 - 2015.12.29 23:45 (2015.01.01 - 2015.12.30)
     Model           Every tick (the most precise method based on all available least timeframes)
     Initial deposit 2000.00
     Spread          10
                                          [Optimization Graph]
              Pass  Profit Total trades Profit factor Expected Payoff Drawdown $ Drawdown %
                 7 1007.57          905          1.25            1.11     689.42      19.91
                 8  991.42          872          1.26            1.14     684.61      19.52
                19  795.36          413          1.49            1.93     173.12       7.09
                14  706.40          545          1.30            1.30     297.93      10.76
                12  693.86          636          1.24            1.09     379.72      13.94
                18  639.78          544          1.27            1.18     243.36       9.99
                17  639.32          545          1.27            1.17     243.36       9.99
                15  402.13          144          1.63            2.79      84.94       3.85
                 3  285.79           40          5.71            7.14     246.68      11.01
                 1  267.72           40          4.72            6.69     242.73      10.81
                 2  256.29           39          4.56            6.57     242.73      10.86
                 5  194.34           16         24.61           12.15      82.52       3.82
                 4  185.57           16         23.54           11.60      82.52       3.83
                 6  184.61           15         23.43           12.31      82.52       3.84
                13  183.53           23          5.25            7.98     132.35       5.79
                11  119.52          123          1.22            0.97     157.69       7.35
                22  -13.45           11          0.86           -1.22      52.31       2.60
                21  -13.45           11          0.86           -1.22      52.31       2.60
                16  -18.46           19          0.87           -0.97      80.51       3.90
                10  -19.34           14          0.73           -1.38      73.62       3.61
                 9  -19.34           14          0.73           -1.38      73.62       3.61
                20  -47.53           11          0.43           -4.32      74.39       3.69
