


                                           Optimization Report
                                      EA31337-Lite-Backtest-v1.068
                                      Tripleafx-FX-Demo (Build 950)

      Symbol          EURUSD (Euro vs US Dollar)
      Period          1 Minute (M1) 2015.01.01 23:40 - 2015.12.29 23:59 (2015.01.01 - 2015.12.30)
      Model           Every tick (the most precise method based on all available least timeframes)
      Initial deposit 2000.00
      Spread          10
                                          [Optimization Graph]
              Pass Profit Total trades Profit factor Expected Payoff Drawdown $ Drawdown %
                22 337.71           24          3.34           14.07    1754.84      58.35
                 2 152.68          160          1.21            0.95     631.25      26.23
                10 143.48          315          1.78            0.46     618.43      27.32
                13 120.63          143          1.18            0.84     699.58      29.07
                21 116.50          148          1.16            0.79     672.64      27.86
                14 104.52          160          1.14            0.65     677.59      28.00
                17 101.13          160          1.14            0.63     672.68      27.89
                18  56.70          146          1.08            0.39     706.63      29.58
                 8  37.62          330          1.08            0.11     151.10       7.10
                 1  37.62          330          1.08            0.11     151.10       7.10
                23   8.39          512          1.03            0.02      32.14       1.58
                25 -19.95          526          0.92           -0.04      74.08       3.62
                 7 -25.46          429          0.94           -0.06     126.10       6.11
                26 -27.11          524          0.89           -0.05      79.47       3.89
                 4 -27.34          545          0.84           -0.05      42.29       2.11
                 6 -29.74          522          0.89           -0.06      53.42       2.65
                24 -30.70          495          0.90           -0.06      73.58       3.61
                 5 -32.89          537          0.86           -0.06      44.34       2.21
                20 -33.36          541          0.84           -0.06      58.87       2.91
                 9 -41.25          421          0.90           -0.10     131.86       6.35
                12 -45.18          546          0.76           -0.08      53.97       2.69
                19 -51.43          546          0.74           -0.09      71.43       3.54
                15 -56.14          546          0.68           -0.10      62.36       3.11
                27 -58.85          400          0.88           -0.15     119.38       5.82
                11 -63.37          546          0.65           -0.12      67.50       3.37
                16 -64.73          544          0.68           -0.12      75.23       3.75
                 3 -72.51          544          0.58           -0.13      74.74       3.73
