


                                           Optimization Report
                                      EA31337-Lite-Backtest-v1.070
                                      Tripleafx-FX-Demo (Build 971)

      Symbol          EURUSD (Euro vs US Dollar)
      Period          1 Minute (M1) 2015.01.01 23:40 - 2015.12.29 23:59 (2015.01.01 - 2015.12.30)
      Model           Every tick (the most precise method based on all available least timeframes)
      Initial deposit 2000.00
      Spread          10
                                          [Optimization Graph]
              Pass  Profit Total trades Profit factor Expected Payoff Drawdown $ Drawdown %
                 6 1206.26         1107          1.24            1.09     925.75      23.94
                 5 1206.26         1107          1.24            1.09     925.75      23.94
                 4 1206.26         1107          1.24            1.09     925.75      23.94
                 3 1146.32         1108          1.23            1.03     993.82      25.64
                 2 1146.32         1108          1.23            1.03     993.82      25.64
                 1 1146.32         1108          1.23            1.03     993.82      25.64
                10  326.96          867          1.08            0.38     601.06      21.47
                 9  326.96          867          1.08            0.38     601.06      21.47
                11  167.54          850          1.04            0.20     589.22      22.45
                 8   91.61           54          1.31            1.70     151.60       7.12
                28   84.87          199          1.09            0.43     131.68       6.13
                27   82.44           20          1.73            4.12      80.93       3.90
                26   82.44           20          1.73            4.12      80.93       3.90
                25   82.44           20          1.73            4.12      80.93       3.90
                24   82.44           20          1.73            4.12      80.93       3.90
                23   82.44           20          1.73            4.12      80.93       3.90
                16   80.02           22          1.91            3.64     103.15       4.96
                22   78.33           22          1.90            3.56     103.15       4.96
                21   78.33           22          1.90            3.56     103.15       4.96
                31   73.35          197          1.08            0.37     140.34       6.54
                 7   49.09           32          1.33            1.53     136.64       6.58
                15   42.91           22          1.41            1.95      82.52       4.04
                20   41.22           22          1.39            1.87      82.52       4.04
                30   25.27          195          1.03            0.13     170.08       8.00
                29   25.27          195          1.03            0.13     170.08       8.00
                32   13.75          193          1.01            0.07     175.49       8.27
                18   -0.00           22          1.00           -0.00      65.87       3.28
                17   -0.00           22          1.00           -0.00      65.87       3.28
                12   -0.00           22          1.00           -0.00      65.87       3.28
                19   -0.32           22          1.00           -0.01      47.13       2.34
                14   -0.32           22          1.00           -0.01      47.13       2.34
                13   -0.32           22          1.00           -0.01      47.13       2.34
                42  -28.88           12          0.54           -2.41      63.70       3.15
                41  -28.88           12          0.54           -2.41      63.70       3.15
                39  -28.88           12          0.54           -2.41      63.70       3.15
                36  -28.88           12          0.54           -2.41      63.70       3.15
                34  -28.88           12          0.54           -2.41      63.70       3.15
                33  -28.88           12          0.54           -2.41      63.70       3.15
                43  -40.15           15          0.56           -2.68      69.73       3.45
                40  -40.15           15          0.56           -2.68      69.73       3.45
                38  -40.15           15          0.56           -2.68      69.73       3.45
                37  -40.15           15          0.56           -2.68      69.73       3.45
                35  -40.15           15          0.56           -2.68      69.73       3.45
