


                                           Optimization Report
                                      EA31337-Lite-Backtest-v1.068
                                      Tripleafx-FX-Demo (Build 950)

      Symbol          EURUSD (Euro vs US Dollar)
      Period          1 Minute (M1) 2015.01.01 23:40 - 2015.12.29 23:59 (2015.01.01 - 2015.12.30)
      Model           Every tick (the most precise method based on all available least timeframes)
      Initial deposit 2000.00
      Spread          10
                                          [Optimization Graph]
              Pass  Profit Total trades Profit factor Expected Payoff Drawdown $ Drawdown %
               121  471.76           72          2.24            6.55     498.28      20.99
               105  471.76           72          2.24            6.55     498.28      20.99
               113  470.68           72          2.24            6.54     498.28      21.00
                97  470.68           72          2.24            6.54     498.28      21.00
                89  454.96           71          2.18            6.41     392.94      16.85
                81  453.88           71          2.18            6.39     392.94      16.85
                53  448.12           67          2.12            6.69     341.31      14.12
                61  447.94           68          2.11            6.59     341.49      14.13
                54  428.43           66          2.07            6.49     342.17      14.40
                62  428.25           67          2.07            6.39     342.35      14.41
                37  423.25           65          2.12            6.51     274.62      11.26
                45  423.07           66          2.11            6.41     274.80      11.27
                38  403.56           64          2.07            6.31     275.48      11.49
                46  403.38           65          2.07            6.21     275.66      11.50
                52  365.97           64          1.86            5.72     355.75      15.83
                51  365.97           64          1.86            5.72     355.75      15.83
                73  358.62           75          1.67            4.78     451.63      19.87
                 8  354.62          102          1.44            3.48     396.54      16.66
                 7  354.62          102          1.44            3.48     396.54      16.66
                 6  353.88          102          1.44            3.47     397.28      16.69
                 5  353.88          102          1.44            3.47     397.28      16.69
                77  351.48           75          1.65            4.69     243.45      10.62
                69  351.48           75          1.65            4.69     243.45      10.62
                65  342.95           78          1.62            4.40     451.63      20.01
                 4  330.92          105          1.39            3.15     420.25      17.65
                 3  330.92          105          1.39            3.15     420.25      17.65
                56  312.03           65          1.67            4.80     363.84      17.42
                55  312.03           65          1.67            4.80     363.84      17.42
                64  311.46           66          1.67            4.72     363.84      17.42
                63  311.46           66          1.67            4.72     363.84      17.42
                 2  304.54          102          1.37            2.99     400.53      17.03
                 1  296.27          105          1.36            2.82     407.91      17.34
                40  267.40           64          1.59            4.18     330.77      15.84
                39  267.40           64          1.59            4.18     330.77      15.84
                48  266.83           65          1.59            4.11     330.77      15.84
                47  266.83           65          1.59            4.11     330.77      15.84
               124  263.45           44          1.92            5.99     349.39      15.39
               123  263.45           44          1.92            5.99     349.39      15.39
               116  263.45           44          1.92            5.99     349.39      15.39
               115  263.45           44          1.92            5.99     349.39      15.39
                36  262.05           63          1.59            4.16     348.69      15.51
                35  262.05           63          1.59            4.16     348.69      15.51
                60  260.55           65          1.54            4.01     334.87      15.78
                59  260.55           65          1.54            4.01     334.87      15.78
                93  244.47           57          1.58            4.29     414.35      17.85
                85  244.47           57          1.58            4.29     414.35      17.85
                21  229.40           75          1.43            3.06     278.05      12.61
                78  218.21           77          1.35            2.83     279.82      12.69
                70  218.21           77          1.35            2.83     279.82      12.69
                58  204.57           66          1.43            3.10     416.10      18.67
                29  201.89           75          1.36            2.69     305.78      13.87
                16  198.91          101          1.23            1.97     498.49      21.42
                15  198.91          101          1.23            1.97     498.49      21.42
                14  198.74          101          1.23            1.97     499.23      21.45
                13  198.74          101          1.23            1.97     499.23      21.45
               108  184.29           47          1.58            3.92     349.39      15.41
               107  184.29           47          1.58            3.92     349.39      15.41
               100  184.29           47          1.58            3.92     349.39      15.41
                99  184.29           47          1.58            3.92     349.39      15.41
                10  183.98          101          1.21            1.82     496.48      21.33
                 9  183.85          104          1.21            1.77     497.45      21.35
               125  183.45           54          1.45            3.40     415.06      18.19
                12  179.19          104          1.20            1.72     518.21      22.27
                11  179.19          104          1.20            1.72     518.21      22.27
               126  174.14           52          1.50            3.35     356.95      15.71
               109  171.08           55          1.40            3.11     425.54      18.65
               110  162.42           53          1.45            3.06     367.44      16.17
                44  156.64           64          1.31            2.45     327.81      15.45
                43  156.64           64          1.31            2.45     327.81      15.45
                50  154.69           66          1.31            2.34     417.46      19.15
                74  151.47           78          1.24            1.94     340.10      15.39
                66  151.47           78          1.24            1.94     340.10      15.39
                22  150.10           76          1.26            1.98     358.14      16.25
                20  140.02           77          1.23            1.82     429.76      20.51
                19  140.02           77          1.23            1.82     429.76      20.51
                42  135.71           65          1.28            2.09     409.04      18.35
               122  124.67           56          1.27            2.23     328.13      15.03
               114  124.67           56          1.27            2.23     328.13      15.03
               104  123.15           45          1.37            2.74     357.64      16.50
               103  123.15           45          1.37            2.74     357.64      16.50
                30  122.60           76          1.20            1.61     385.87      17.51
                28  115.03           76          1.19            1.51     454.74      21.70
                27  115.03           76          1.19            1.51     454.74      21.70
                49  110.92           73          1.20            1.52     443.77      21.90
               128  110.09           42          1.36            2.62     350.24      16.04
               127  110.09           42          1.36            2.62     350.24      16.04
               120  110.09           42          1.36            2.62     350.24      16.04
               119  110.09           42          1.36            2.62     350.24      16.04
                33  109.18           74          1.19            1.48     445.51      21.99
               117   86.56           54          1.19            1.60     393.93      18.21
                34   85.83           65          1.17            1.32     410.40      18.82
                80   83.91           72          1.14            1.17     357.81      16.35
                79   83.91           72          1.14            1.17     357.81      16.35
                72   83.91           72          1.14            1.17     357.81      16.35
                71   83.91           72          1.14            1.17     357.81      16.35
                76   82.05           72          1.13            1.14     359.67      16.44
                75   82.05           72          1.13            1.14     359.67      16.44
                68   82.05           72          1.13            1.14     359.67      16.44
                67   82.05           72          1.13            1.14     359.67      16.44
               112   78.26           44          1.23            1.78     357.64      16.50
               111   78.26           44          1.23            1.78     357.64      16.50
               101   73.97           55          1.16            1.34     404.42      18.69
                57   65.04           75          1.11            0.87     534.25      26.45
               106   65.04           57          1.13            1.14     315.06      14.43
                98   65.04           57          1.13            1.14     315.06      14.43
                41   63.30           76          1.10            0.83     535.99      26.53
                90   61.41           63          1.11            0.97     388.86      17.97
                82   61.41           63          1.11            0.97     388.86      17.97
               118   34.76           53          1.08            0.66     369.20      17.22
                26   24.02           78          1.04            0.31     478.69      22.57
               102   22.81           54          1.05            0.42     379.68      17.70
                25   22.01           80          1.03            0.28     616.53      30.08
                18   11.98           79          1.02            0.15     478.69      22.70
                94    2.29           57          1.00            0.04     409.12      19.13
                86    2.29           57          1.00            0.04     409.12      19.13
                17   -4.03           80          0.99           -0.05     611.72      30.30
                24  -18.71           74          0.97           -0.25     470.67      21.91
                23  -18.71           74          0.97           -0.25     470.67      21.91
                32  -46.44           74          0.93           -0.63     498.40      23.20
                31  -46.44           74          0.93           -0.63     498.40      23.20
                92  -80.78           50          0.84           -1.62     499.21      23.54
                91  -80.78           50          0.84           -1.62     499.21      23.54
                84  -80.78           50          0.84           -1.62     499.21      23.54
                83  -80.78           50          0.84           -1.62     499.21      23.54
                96 -174.37           49          0.67           -3.56     571.14      27.21
                95 -174.37           49          0.67           -3.56     571.14      27.21
                88 -174.37           49          0.67           -3.56     571.14      27.21
                87 -174.37           49          0.67           -3.56     571.14      27.21
