


                                           Optimization Report
                                      EA31337-Lite-Backtest-v1.068
                                               (Build 950)

      Symbol          EURUSD (Euro vs US Dollar)
      Period          1 Minute (M1) 2015.01.01 23:40 - 2015.12.29 23:59 (2015.01.01 - 2015.12.30)
      Model           Every tick (the most precise method based on all available least timeframes)
      Initial deposit 2000.00
      Spread          10
                                          [Optimization Graph]
             Pass   Profit Total trades Profit factor Expected Payoff Drawdown $ Drawdown %
               25  1434.24          138          1.16           10.39    2334.77      63.04
                6  1307.83          100          1.20           13.08    2787.98      61.18
               27  1218.28          137          1.13            8.89    2463.01      65.22
               11  1218.28          137          1.13            8.89    2463.01      65.22
               19   889.69          136          1.10            6.54    2449.36      65.42
                3   889.69          136          1.10            6.54    2449.36      65.42
               23   687.63          119          1.09            5.78    2746.28      60.07
                7   687.63          119          1.09            5.78    2746.28      60.07
               31   682.42          118          1.09            5.78    2746.28      60.07
               15   682.42          118          1.09            5.78    2746.28      60.07
                9   153.91          139          1.02            1.11    2459.04      66.39
               14    -9.62          102          1.00           -0.09    2494.47      68.42
               29  -495.60           19          0.69          -26.08    1069.73      53.29
               13  -545.60           19          0.68          -28.72    1120.43      55.82
                5  -545.60           19          0.68          -28.72    1118.23      55.71
               21  -546.30           19          0.67          -28.75    1120.43      55.82
               30  -745.94           73          0.87          -10.22    2651.34      84.29
               22  -745.94           73          0.87          -10.22    2651.34      84.29
                1  -970.83          112          0.88           -8.67    3027.72      83.37
               17  -990.71          111          0.88           -8.93    3047.60      83.92
               26  -996.28           86          0.85          -11.58    3017.98      80.70
               18  -996.28           86          0.85          -11.58    3017.98      80.70
               32 -1004.09           44          0.73          -22.82    1530.35      68.19
               24 -1004.09           44          0.73          -22.82    1530.35      68.19
               16 -1004.09           44          0.73          -22.82    1530.35      68.19
                8 -1004.09           44          0.73          -22.82    1530.35      68.19
                2 -1048.38           68          0.77          -15.42    1831.93      73.23
               10 -1111.09           43          0.71          -25.84    2016.24      78.86
               28 -1169.80           79          0.80          -14.81    2667.68      82.95
               20 -1169.80           79          0.80          -14.81    2667.68      82.95
               12 -1169.80           79          0.80          -14.81    2667.68      82.95
                4 -1169.80           79          0.80          -14.81    2667.68      82.95
