


                                           Optimization Report
                                      EA31337-Lite-Backtest-v1.069
                                      Tripleafx-FX-Demo (Build 971)

     Symbol          EURUSD (Euro vs US Dollar)
     Period          30 Minutes (M30) 2015.01.06 00:00 - 2015.12.29 23:30 (2015.01.01 - 2015.12.30)
     Model           Every tick (the most precise method based on all available least timeframes)
     Initial deposit 2000.00
     Spread          10
                                          [Optimization Graph]
              Pass  Profit Total trades Profit factor Expected Payoff Drawdown $ Drawdown %
                14  311.46          444          1.15            0.70     543.34      21.05
                12  110.49           19          2.58            5.82     123.78       5.97
                13   89.66           19          2.14            4.72      93.12       4.60
                 6   83.43           17          2.40            4.91     123.78       5.92
                 5   83.43           17          2.40            4.91     123.78       5.92
                 4   83.43           17          2.40            4.91     123.78       5.92
                19   72.97          311          1.05            0.23     465.42      19.16
                 7  -24.21           13          0.56           -1.86      72.88       3.56
                11  -25.65           12          0.79           -2.14     103.15       4.99
                17  -27.19           76          0.93           -0.36     279.06      12.53
                18  -27.38           77          0.93           -0.36     279.25      12.54
                 8  -28.20           13          0.48           -2.17      77.68       3.80
                 3  -48.26           17          0.40           -2.84     122.09       5.92
                 2  -56.65           16          0.30           -3.54     114.58       5.60
                 1  -56.65           16          0.30           -3.54     114.58       5.60
                20  -72.09           11          0.36           -6.55     110.54       5.52
                15  -72.09           11          0.36           -6.55     110.54       5.52
                16  -78.00           11          0.25           -7.09     110.32       5.51
                10  -99.54          113          0.86           -0.88     309.93      14.02
                 9  -99.54          113          0.86           -0.88     309.93      14.02
                22 -105.10           13          0.33           -8.08     110.32       5.51
                21 -105.10           13          0.33           -8.08     110.32       5.51
