


                                           Optimization Report
                                      EA31337-Lite-Backtest-v1.068
                                               (Build 950)

      Symbol          EURUSD (Euro vs US Dollar)
      Period          1 Minute (M1) 2015.01.01 23:40 - 2015.12.29 23:59 (2015.01.01 - 2015.12.30)
      Model           Every tick (the most precise method based on all available least timeframes)
      Initial deposit 2000.00
      Spread          10
                                          [Optimization Graph]
             Pass   Profit Total trades Profit factor Expected Payoff Drawdown $ Drawdown %
               55   241.89           15          1.26           16.13     780.21      27.06
               53   241.89           15          1.26           16.13     780.21      27.06
               39   241.89           15          1.26           16.13     780.21      27.06
               37   241.89           15          1.26           16.13     780.21      27.06
               64     0.00            0          0.00            0.00       0.00       0.00
               63     0.00            0          0.00            0.00       0.00       0.00
               62     0.00            0          0.00            0.00       0.00       0.00
               61     0.00            0          0.00            0.00       0.00       0.00
               60     0.00            0          0.00            0.00       0.00       0.00
               59     0.00            0          0.00            0.00       0.00       0.00
               58     0.00            0          0.00            0.00       0.00       0.00
               57     0.00            0          0.00            0.00       0.00       0.00
               48     0.00            0          0.00            0.00       0.00       0.00
               47     0.00            0          0.00            0.00       0.00       0.00
               46     0.00            0          0.00            0.00       0.00       0.00
               45     0.00            0          0.00            0.00       0.00       0.00
               44     0.00            0          0.00            0.00       0.00       0.00
               43     0.00            0          0.00            0.00       0.00       0.00
               42     0.00            0          0.00            0.00       0.00       0.00
               41     0.00            0          0.00            0.00       0.00       0.00
               56  -113.52            9          0.84          -12.61     780.21      32.31
               54  -113.52            9          0.84          -12.61     780.21      32.31
               40  -113.52            9          0.84          -12.61     780.21      32.31
               38  -113.52            9          0.84          -12.61     780.21      32.31
               32  -512.98           11          0.45          -46.63    1047.48      51.17
               30  -512.98           11          0.45          -46.63    1047.48      51.17
               28  -512.98           11          0.45          -46.63    1047.48      51.17
               26  -512.98           11          0.45          -46.63    1047.48      51.17
               33  -581.68           38          0.81          -15.31    2494.54      73.99
               34  -660.16           38          0.79          -17.37    2494.54      75.75
               16  -663.01           11          0.38          -60.27    1160.42      57.73
               12  -663.01           11          0.38          -60.27    1160.42      57.73
               15  -690.41           11          0.37          -62.76    1188.42      59.10
               11  -690.41           11          0.37          -62.76    1188.42      59.10
               14  -742.72           11          0.35          -67.52    1240.12      61.69
               10  -742.72           11          0.35          -67.52    1240.12      61.69
               20  -761.64           14          0.49          -54.40    1425.42      65.49
               18  -761.64           14          0.49          -54.40    1425.42      65.49
               13  -770.92           11          0.34          -70.08    1268.92      63.11
                9  -770.92           11          0.34          -70.08    1268.92      63.11
               19  -775.95           15          0.49          -51.73    1593.62      68.38
               17  -775.95           15          0.49          -51.73    1593.62      68.38
               29  -779.89           23          0.62          -33.91    1293.83      57.69
               25  -779.89           23          0.62          -33.91    1293.83      57.69
               24  -783.12           11          0.34          -71.19    1271.41      63.54
               22  -783.12           11          0.34          -71.19    1271.41      63.54
               51  -823.82           16          0.53          -51.49    1321.40      59.64
               49  -823.82           16          0.53          -51.49    1321.40      59.64
               23  -826.72           11          0.31          -75.16    1315.01      65.72
               21  -826.72           11          0.31          -75.16    1315.01      65.72
                6  -827.31           11          0.32          -75.21    1315.61      65.75
                8  -828.11           11          0.32          -75.28    1316.41      65.79
                7  -846.31           11          0.31          -76.94    1334.61      66.70
                5  -846.31           11          0.31          -76.94    1334.61      66.70
               35  -875.72           20          0.54          -43.79    1380.61      62.11
               31  -950.04           23          0.56          -41.31    1260.88      56.22
               27  -950.04           23          0.56          -41.31    1260.88      56.22
               36 -1031.82           16          0.40          -64.49    1407.04      67.22
                2 -1104.02           10          0.19         -110.40    1105.02      55.22
                1 -1104.02           10          0.19         -110.40    1105.02      55.22
                4 -1105.32           10          0.19         -110.53    1106.32      55.29
                3 -1107.52           10          0.19         -110.75    1108.52      55.40
               52 -1176.21            7          0.00         -168.03    1215.28      59.60
               50 -1176.21            7          0.00         -168.03    1215.28      59.60
